2021.01.22.13.50 풍향 데이터
var minlat = 34.5
var maxlat = 37.5
var minlng = 126.5
var maxlng = 129.5
var gap = 0.5

[
  1.324,
  1.578,
  0.352,
  0.968,
  0.352,
  0.968,
  0.717,
  0.623,
  -0.358,
  2.029,
  -0.358,
  2.029,
  0.115,
  6.609,
  1.324,
  1.578,
  0.352,
  0.968,
  -1.014,
  -0.179,
  -1.014,
  -0.179,
  0.865,
  0.46,
  0.264,
  -0.766,
  1.233,
  7.783,
  0.805,
  3.004,
  -1.014,
  -0.179,
  -0.502,
  -0.089,
  -1.014,
  -0.179,
  1.18,
  -0.99,
  1.097,
  0.378,
  -2.6,
  6.435,
  1.767,
  1.962,
  0.202,
  1.274,
  -0.381,
  0.587,
  1.18,
  -0.99,
  1.18,
  -0.99,
  1.18,
  -0.99,
  -0.961,
  4.161,
  0.446,
  2.531,
  0.154,
  1.763,
  1.026,
  0.892,
  -1.094,
  0.684,
  1.18,
  -0.99,
  0.179,
  1.014,
  0.179,
  1.014,
  0.446,
  2.531,
  0.446,
  2.531,
  0.55,
  0.847,
  -0.68,
  1.131,
  0.179,
  1.014,
  0.179,
  1.014,
  0.179,
  1.014,
  0.446,
  2.531,
  1.379,
  -0.048,
  -0.502,
  0.135,
  -0.109,
  1.556,
  0.746,
  1.404,
  1.03,
  1.784,
  1.03,
  1.784
]