var minlat = 31
var maxlat = 44
var minlng = 115
var maxlng = 138
var gap = 0.5

[
  4.356,
  -1.167,
  5.427,
  -1.869,
  4.858,
  -1.485,
  4.931,
  -1.414,
  4.441,
  -2.361,
  5.861,
  -1.461,
  4.032,
  2.235,
  3.457,
  2.42,
  2.064,
  0.253,
  0.612,
  0.339,
  1.235,
  0.833,
  3.346,
  2.173,
  4.193,
  2.723,
  2.827,
  1.907,
  3.88,
  2.24,
  4.663,
  3.028,
  4.794,
  2.236,
  3.778,
  1.083,
  3.186,
  0.167,
  1.259,
  -1.554,
  2.954,
  0.521,
  2.954,
  0.521,
  2.954,
  0.521,
  2.954,
  0.521,
  2.075,
  -0.634,
  1.163,
  0.814,
  2.361,
  1.309,
  1.819,
  0.387,
  1.835,
  -2.348,
  1.749,
  -0.742,
  1.96,
  0.346,
  3.163,
  1.475,
  5.7,
  1.316,
  4.185,
  0.738,
  0,
  3,
  0.795,
  0.354,
  1.304,
  0.349,
  1.095,
  0.465,
  2.046,
  0.911,
  6.258,
  2.529,
  3.913,
  2.949,
  6.169,
  6.388,
  11.1,
  6.67,
  11.028,
  11.826,
  10.219,
  8.883,
  9.848,
  9.51,
  7.913,
  7.641,
  3.663,
  -2.115,
  3.938,
  -2.094,
  6.578,
  -1.763,
  4.804,
  0.505,
  3.21,
  0.508,
  7.549,
  1.467,
  3.549,
  -1.887,
  3.347,
  1.023,
  3.577,
  1.093,
  5.634,
  1.198,
  2.229,
  -0.078,
  2.925,
  0.622,
  3.051,
  1.359,
  4.296,
  2.095,
  4.224,
  2.06,
  3.931,
  1.588,
  5.097,
  1.957,
  4.145,
  1.591,
  3.404,
  0.724,
  2.441,
  -1.585,
  1.804,
  -0.766,
  2.954,
  0.521,
  2.954,
  0.521,
  1.687,
  -0.682,
  1.466,
  -0.103,
  2.079,
  -1.511,
  3.307,
  0.289,
  3.408,
  -0.119,
  6.051,
  0.85,
  1.602,
  0.68,
  2.317,
  0.798,
  2.406,
  0.876,
  5.704,
  4.144,
  0,
  3,
  0,
  3,
  0,
  3,
  0,
  3,
  0.922,
  1.809,
  2.295,
  4.921,
  2.196,
  2.355,
  1.864,
  3.505,
  8.982,
  12.828,
  10.815,
  14.886,
  12.488,
  12.488,
  11.034,
  9.592,
  11.143,
  6.963,
  8.396,
  4.654,
  4.728,
  -2.306,
  5.534,
  -1.278,
  5.347,
  -0.752,
  5.766,
  -0.201,
  5.287,
  -0.37,
  7.995,
  -2.444,
  7.74,
  -0.677,
  11.581,
  2.462,
  6.906,
  1.851,
  5.81,
  1.235,
  3.996,
  1.534,
  3.406,
  1.446,
  3.388,
  0.118,
  3.952,
  2.374,
  4.68,
  2.488,
  4.684,
  3.159,
  3.682,
  2.391,
  3.905,
  2.634,
  2.676,
  0.921,
  2.668,
  -0.816,
  2.356,
  -1.099,
  1.819,
  -0.064,
  1.711,
  0.18,
  3.161,
  -0.614,
  3.672,
  -1.123,
  3.377,
  -0.475,
  4.724,
  -0.664,
  6.166,
  -0.648,
  6.87,
  1.713,
  6.867,
  1.46,
  6.649,
  3.535,
  4.872,
  2.7,
  1.485,
  1.119,
  0,
  3,
  0,
  3,
  0,
  3,
  0.666,
  4.208,
  2.036,
  3.673,
  1.823,
  2.42,
  5.363,
  8.582,
  7.722,
  7.722,
  2.678,
  12.599,
  7.859,
  14.781,
  8.081,
  13.449,
  9.093,
  11.639,
  8.253,
  9.836,
  9.543,
  6.682,
  5.126,
  -1.567,
  3.959,
  -0.987,
  6.934,
  1.098,
  4.269,
  1.064,
  3.912,
  1.993,
  6.255,
  3.187,
  4.496,
  0.874,
  3.147,
  -0.727,
  2.083,
  0.443,
  3.709,
  1.205,
  4.772,
  1.459,
  3.098,
  -0.108,
  2.4,
  1.17,
  3.342,
  2.706,
  4.001,
  4.143,
  3.631,
  4.484,
  1.827,
  2.029,
  2.375,
  1.107,
  2.43,
  1.032,
  1.715,
  -0.693,
  1.308,
  -0.755,
  2.04,
  -1.084,
  2.77,
  -0.954,
  2.901,
  -0.408,
  3.319,
  -0.058,
  4.025,
  -0.782,
  5.541,
  -0.878,
  5.143,
  0.27,
  2.863,
  -0.2,
  4.919,
  1.227,
  6.997,
  3.878,
  6.791,
  6.558,
  12.657,
  12.657,
  6.523,
  6.755,
  3.104,
  14.604,
  6.451,
  16.804,
  7.127,
  11.406,
  8.92,
  9.906,
  12.531,
  7.235,
  2.34,
  8.732,
  5.05,
  10.83,
  3.077,
  8.935,
  3.453,
  12.885,
  5.076,
  10.885,
  6.324,
  11.893,
  7.441,
  10.242,
  9.683,
  9.03,
  3.521,
  0.246,
  6.432,
  0.79,
  5.201,
  -0.547,
  7.002,
  2.688,
  7.378,
  4.61,
  3.006,
  0.158,
  3.162,
  -1.277,
  3.057,
  -2.389,
  2.758,
  -0.586,
  -0.025,
  -0.087,
  3.6,
  3.998,
  2.963,
  2.233,
  0.699,
  2.286,
  2.495,
  1.059,
  1.162,
  2.281,
  1.221,
  3.023,
  1.879,
  0.684,
  1.879,
  0.684,
  1.879,
  0.684,
  1.546,
  -0.273,
  2.009,
  -0.354,
  1.917,
  0.408,
  1.518,
  0.08,
  1,
  -0.141,
  1.782,
  -0.251,
  2.258,
  -0.439,
  3.28,
  -0.818,
  1.794,
  -0.837,
  2.324,
  0.71,
  8.587,
  3.823,
  7.66,
  6.428,
  9.192,
  11.765,
  9.06,
  15.692,
  10.092,
  15.541,
  4.81,
  11.905,
  6.357,
  16.562,
  8.67,
  15.017,
  8.062,
  9.955,
  12.441,
  10.439,
  12.489,
  7.504,
  10.652,
  6.15,
  10.312,
  6.444,
  3.109,
  9.03,
  6.06,
  8.042,
  3.476,
  9.056,
  4.829,
  11.377,
  8.287,
  8.002,
  3.14,
  -0.055,
  4.2,
  0,
  4.076,
  1.092,
  3.283,
  2.854,
  2.653,
  2.389,
  2.377,
  2.067,
  1.685,
  2.697,
  3.443,
  1.053,
  1.654,
  -1.033,
  0.992,
  0.401,
  1.45,
  1.133,
  0.982,
  0.74,
  0.837,
  2.43,
  1.051,
  1.167,
  -0.068,
  1.959,
  0.284,
  2.705,
  1.879,
  0.684,
  1.879,
  0.684,
  1.879,
  0.684,
  1.515,
  0.213,
  1.951,
  1.038,
  1.489,
  1.164,
  0.654,
  0.97,
  0.995,
  0.671,
  0.899,
  0.438,
  0.328,
  0.902,
  2.498,
  -0.087,
  1.676,
  -1.619,
  5.599,
  1.396,
  2.7,
  -0.047,
  3.917,
  7.067,
  5.022,
  17.514,
  3.129,
  16.099,
  5.251,
  18.312,
  7.318,
  14.363,
  3.893,
  15.612,
  7.713,
  15.138,
  10.702,
  12.755,
  9.822,
  9.822,
  10.97,
  9.205,
  11.873,
  6.855,
  11.655,
  4.709,
  11.765,
  5.738,
  10.342,
  7.794,
  12.444,
  5.803,
  12.141,
  2.803,
  12.269,
  1.724,
  1.815,
  3.144,
  4.851,
  2.16,
  3.317,
  2.783,
  1.557,
  0.863,
  -0.118,
  2.257,
  1.292,
  1.915,
  2.355,
  1.907,
  4.219,
  0.974,
  1.663,
  0.74,
  0.717,
  0.886,
  1.122,
  0.786,
  0.07,
  0.998,
  -0.335,
  2.73,
  0.156,
  2.986,
  -1.04,
  2.04,
  -0.09,
  2.588,
  1.011,
  2.503,
  1.298,
  1.442,
  1.593,
  2.192,
  0.481,
  1.797,
  0.724,
  1.626,
  -0.279,
  2.655,
  0.728,
  0.656,
  1.278,
  0.895,
  1.117,
  0.645,
  0.794,
  1.177,
  1.035,
  2.121,
  1.504,
  3.083,
  5.284,
  2.692,
  1.71,
  0.622,
  -2.458,
  9.858,
  -2.771,
  15.718,
  -1.521,
  14.47,
  0.601,
  17.2,
  4.438,
  15.476,
  2.347,
  14.815,
  5.613,
  15.42,
  8.565,
  14.255,
  10.162,
  12.111,
  10.762,
  9.355,
  11.322,
  7.353,
  10.339,
  8.077,
  9.448,
  7.382,
  10.452,
  5.793,
  11.246,
  5.007,
  12.751,
  2.479,
  13.008,
  0.91,
  2.67,
  2.965,
  8.217,
  8.217,
  8.217,
  8.217,
  4.596,
  3.857,
  4.596,
  3.857,
  0.664,
  1.198,
  0.82,
  2.031,
  2.734,
  3.499,
  1.812,
  1.317,
  2.31,
  1.127,
  0.187,
  -0.181,
  -1.125,
  0.239,
  -2.367,
  5.317,
  -2.064,
  5.109,
  -3.104,
  4.78,
  -0.53,
  2.494,
  2.643,
  2.935,
  1.019,
  2.8,
  1.527,
  2.263,
  1.049,
  2.058,
  1.246,
  2.074,
  -0.427,
  3.04,
  0.731,
  2.93,
  0.467,
  2.405,
  1.501,
  1.012,
  1.677,
  2.583,
  1.46,
  2.993,
  2.172,
  4.878,
  3.359,
  3.359,
  -2.477,
  5.836,
  -8.197,
  9.104,
  -6.742,
  13.823,
  -4.558,
  14.028,
  -1.488,
  17.005,
  1.673,
  13.628,
  0.742,
  14.161,
  3.755,
  15.059,
  6.52,
  14.644,
  8.491,
  13.075,
  9.966,
  11.464,
  9.361,
  10.397,
  9.127,
  10.136,
  9.261,
  7.771,
  11.209,
  5.711,
  12.164,
  3.719,
  12.604,
  3.143,
  12.188,
  1.93,
  1.969,
  0.069,
  -1.79,
  0,
  -0.524,
  1.233,
  4.596,
  3.857,
  4.596,
  3.857,
  6.003,
  6.003,
  6.003,
  6.003,
  0.658,
  4.684,
  4.645,
  4.182,
  0.865,
  -0.367,
  -4.297,
  1.232,
  -4.048,
  4.496,
  -2.76,
  8.493,
  -2.829,
  7.771,
  0.948,
  0.948,
  0.948,
  0.948,
  0.948,
  0.948,
  2.505,
  6.526,
  1.508,
  4.641,
  2.227,
  6.467,
  1.721,
  3.377,
  0.742,
  3.819,
  2.033,
  2.51,
  1.64,
  3.361,
  3.641,
  1.398,
  2.807,
  3.593,
  6.113,
  1.524,
  8.215,
  0.863,
  -11.237,
  -4.54,
  -12.202,
  3.731,
  -10.03,
  8.719,
  -7.845,
  11.631,
  -5.521,
  13.007,
  -2.157,
  15.349,
  1.243,
  14.206,
  1.353,
  12.869,
  2.184,
  13.788,
  4.475,
  13.771,
  6.492,
  12.741,
  6.765,
  11.717,
  7.516,
  11.142,
  8.667,
  8.082,
  10.295,
  6.433,
  11.506,
  4.649,
  11.753,
  4.047,
  10.818,
  2.899,
  9.378,
  -1.318,
  2.553,
  0.543,
  1.313,
  2.021,
  -1.79,
  0,
  -1.79,
  0,
  2.052,
  5.638,
  2.052,
  5.638,
  6.003,
  6.003,
  -2.087,
  2.238,
  1.106,
  2.605,
  0.714,
  0.26,
  -3.715,
  1.893,
  -3.882,
  5.151,
  -2.454,
  9.157,
  0,
  2,
  0.948,
  0.948,
  0.948,
  0.948,
  0.948,
  0.948,
  2.385,
  11.219,
  3.39,
  10.433,
  4.465,
  11.052,
  5.761,
  6.398,
  2.705,
  4.685,
  3.656,
  3.292,
  3.461,
  0.364,
  3.965,
  0.208,
  8.794,
  -1.869,
  14.498,
  -0.253,
  13.725,
  1.929,
  13.166,
  2.798,
  9.058,
  3.119,
  -10.131,
  6.833,
  -7.288,
  9.671,
  -5.38,
  11.537,
  -2.976,
  12.891,
  -0.484,
  13.872,
  2.181,
  13.768,
  3.574,
  13.339,
  4.453,
  12.235,
  4.333,
  11.906,
  6.275,
  10.869,
  8.129,
  9.351,
  9.5,
  8.859,
  12.143,
  5.922,
  10.664,
  0.746,
  11.348,
  -0.198,
  10.191,
  -0.892,
  9.374,
  -0.82,
  1.841,
  0.781,
  1.737,
  2.145,
  -2.196,
  0.387,
  -2.216,
  2.837,
  2.052,
  5.638,
  2.052,
  5.638,
  2.052,
  5.638,
  -3.231,
  6.624,
  -0.214,
  6.136,
  -2.463,
  0.8,
  -3.657,
  2.375,
  -3.378,
  5.007,
  0,
  2,
  0,
  2,
  0,
  2,
  0.948,
  0.948,
  2.982,
  11.127,
  1.914,
  10.853,
  4.395,
  12.075,
  5.316,
  11.94,
  5.881,
  10.609,
  5.812,
  5.812,
  5.571,
  3.758,
  3.467,
  0.303,
  3.073,
  -1.634,
  3.02,
  -1.606,
  9.908,
  -0.173,
  16.169,
  3.437,
  16.325,
  3.47,
  14.597,
  2.837,
  14.064,
  3.768,
  11.957,
  5.076,
  2.95,
  6.95,
  -4.099,
  8.404,
  -1.788,
  11.289,
  -0.459,
  13.142,
  0.443,
  12.692,
  3.62,
  11.839,
  5.048,
  11.337,
  4.187,
  12.159,
  11.418,
  8.921,
  10.472,
  -3.201,
  7.794,
  -3.635,
  7.584,
  -2.175,
  8.334,
  -0.876,
  9.208,
  -0.644,
  9.488,
  -2.721,
  1.532,
  1.286,
  -3.208,
  -0.112,
  -3.903,
  1.988,
  -1.872,
  4.409,
  -0.522,
  3.299,
  1.52,
  0.027,
  1.215,
  -2.863,
  -0.462,
  3.762,
  2.85,
  3.166,
  -2.335,
  0.804,
  -3.035,
  2.83,
  -2.977,
  5.37,
  0,
  2,
  0,
  2,
  0,
  2,
  2.139,
  11.004,
  3.514,
  12.256,
  3.599,
  11.772,
  4.682,
  12.864,
  5.835,
  11.963,
  5.035,
  9.881,
  5.781,
  6.421,
  6.532,
  3.925,
  7.272,
  3.087,
  1.969,
  -1.652,
  1.969,
  -1.652,
  6.358,
  -0.893,
  5.794,
  3.345,
  5.794,
  3.345,
  12.758,
  5.416,
  14.274,
  7.273,
  14.348,
  7.629,
  12.809,
  7.395,
  11.715,
  8.511,
  11.383,
  9.552,
  11.609,
  8.435,
  12.225,
  4.45,
  13.059,
  3.499,
  12.547,
  3.836,
  13.963,
  1.962,
  11.385,
  -1.398,
  9.955,
  -3.044,
  10.472,
  -3.201,
  11.218,
  -3.217,
  11.476,
  -3.508,
  11.738,
  -4.743,
  13.185,
  -2.803,
  1.532,
  1.286,
  -3.669,
  1.408,
  -3.091,
  3.433,
  -0.413,
  2.607,
  -0.476,
  1.069,
  -0.954,
  -1.221,
  -0.433,
  -1.737,
  0.135,
  -1.283,
  0.343,
  -0.139,
  -1.515,
  1.227,
  -2.71,
  3.01,
  -3.005,
  5.205,
  -1.825,
  6.81,
  -0.795,
  9.085,
  0.967,
  11.058,
  1.832,
  11.566,
  3.082,
  12.362,
  4.874,
  12.697,
  4.934,
  12.211,
  6.906,
  12.988,
  6.22,
  11.221,
  5.681,
  7.539,
  4.994,
  5.952,
  5.516,
  4.628,
  1.969,
  -1.652,
  1.969,
  -1.652,
  5.794,
  3.345,
  5.794,
  3.345,
  5.794,
  3.345,
  14.536,
  9.083,
  13.877,
  6.768,
  12.461,
  5.548,
  13.077,
  4.503,
  14.542,
  4.725,
  14.566,
  5.885,
  13.481,
  5.447,
  11.362,
  4.361,
  11.936,
  3.878,
  13.303,
  2.828,
  12.802,
  -0.447,
  11.276,
  -1.988,
  11.705,
  -3.579,
  12.178,
  -4.193,
  11.657,
  -5.19,
  12.706,
  -2.701,
  12.135,
  -3.943,
  10.966,
  -5.114,
  -3.272,
  1.526,
  -1.954,
  2.17,
  -1.456,
  1.675,
  -1.608,
  1.397,
  -1.4,
  0,
  -1.979,
  0.069,
  -1.549,
  -0.054,
  -1.113,
  -0.196,
  -2.379,
  1.212,
  -3.011,
  2.526,
  -3.577,
  3.002,
  -1.819,
  2.801,
  -1.169,
  4.076,
  -0.907,
  7.385,
  0.17,
  9.719,
  1.067,
  12.193,
  2.217,
  12.576,
  3.785,
  13.198,
  4.96,
  12.921,
  5.494,
  12.942,
  7.315,
  12.67,
  7.493,
  11.109,
  5.914,
  4.962,
  5.914,
  4.962,
  5.125,
  4.3,
  1.18,
  -0.99,
  4.83,
  -1.758,
  4.83,
  -1.758,
  4.83,
  -1.758,
  12.266,
  3.517,
  12.86,
  2.037,
  13.882,
  5.329,
  12.82,
  4.166,
  12.034,
  4.619,
  12.021,
  3.675,
  10.26,
  2.369,
  10.251,
  0.897,
  11.848,
  -0.207,
  12.4,
  -0.867,
  12.44,
  -0.87,
  11.804,
  -1.659,
  12.417,
  -4.766,
  11.02,
  -6.109,
  12.724,
  -2.244,
  11.146,
  -3.622,
  11.478,
  -0.2,
  8.359,
  -0.438,
  -2.79,
  1.484,
  -2.608,
  1.694,
  -1.959,
  2.029,
  -2.142,
  0.78,
  -2.207,
  0.116,
  -2.05,
  -0.036,
  -1.856,
  0.228,
  -1.159,
  -0.04,
  -1.406,
  0.43,
  -1.721,
  1.496,
  -1.028,
  1.645,
  -0.853,
  2.477,
  -1.653,
  3.894,
  -0.46,
  5.26,
  0,
  7.73,
  1.174,
  9.558,
  1.505,
  12.258,
  2.439,
  12.545,
  3.713,
  12.948,
  4.314,
  12.528,
  5.58,
  13.145,
  6.065,
  11.904,
  5.914,
  4.962,
  6.686,
  3.86,
  6.686,
  3.86,
  2.415,
  0.879,
  2.415,
  0.879,
  4.83,
  -1.758,
  4.83,
  -1.758,
  4.287,
  -1.229,
  8.823,
  5.73,
  10.329,
  5.726,
  11.033,
  4.458,
  11.517,
  2.872,
  11.654,
  0.611,
  12.44,
  -0.87,
  13.218,
  -0.924,
  11.794,
  0.618,
  10.482,
  -1.102,
  10.675,
  -3.676,
  11.246,
  -5.007,
  10.259,
  -4.784,
  12.772,
  -0.669,
  6.235,
  -3.6,
  5.546,
  -0.388,
  -0.45,
  -0.016,
  -0.345,
  0.289,
  -3.179,
  2.064,
  -2.82,
  2.723,
  -2.878,
  2.878,
  -2.644,
  3.041,
  -2.359,
  1.652,
  -0.225,
  1.836,
  -0.814,
  1.469,
  -0.547,
  1.354,
  -0.736,
  2.567,
  0.246,
  2.337,
  -3.857,
  4.596,
  -3.857,
  4.596,
  -3.857,
  4.596,
  -2.517,
  8.776,
  -2.108,
  10.847,
  -0.42,
  12.023,
  0,
  12.25,
  0.886,
  12.669,
  1.844,
  13.121,
  2.404,
  12.369,
  3.76,
  13.112,
  4.816,
  12.547,
  5.591,
  11.99,
  4.885,
  8.461,
  2.415,
  0.879,
  2.415,
  0.879,
  3.545,
  -0.625,
  3.545,
  -0.625,
  7.379,
  0.129,
  7.718,
  1.64,
  12.074,
  3.235,
  12.84,
  2.034,
  12.878,
  -0.225,
  12.92,
  0,
  14.351,
  -0.501,
  13.239,
  1.158,
  10.985,
  0.576,
  9.659,
  -2.588,
  10.078,
  -4.7,
  10.538,
  -2.824,
  9.754,
  -3.941,
  11.748,
  -0.205,
  6.235,
  -3.6,
  6.235,
  -3.6,
  0.739,
  -0.689,
  0.047,
  0.889,
  -0.345,
  0.289,
  -2.901,
  3.849,
  -3.045,
  4.191,
  -2.83,
  4.529,
  -2.058,
  4.414,
  -1.113,
  1.477,
  -1.194,
  3.28,
  -1.762,
  1.702,
  -0.882,
  3.076,
  -1.581,
  3.913,
  -1.128,
  3.471,
  -3.857,
  4.596,
  -3.857,
  4.596,
  -3.857,
  4.596,
  -3.48,
  9.065,
  -2.919,
  10.18,
  -1.602,
  11.398,
  -1.259,
  11.974,
  -0.22,
  12.608,
  1.32,
  12.561,
  1.073,
  12.263,
  2.362,
  13.393,
  3.724,
  12.987,
  4.885,
  8.461,
  4.885,
  8.461,
  4.885,
  8.461,
  3.545,
  -0.625,
  3.545,
  -0.625,
  6.686,
  3.86,
  6.686,
  3.86,
  6.943,
  2.256,
  11.94,
  5.316,
  12.613,
  4.842,
  12.788,
  3.189,
  13.217,
  3.79,
  10.411,
  2.596,
  9.767,
  0.512,
  2.463,
  -6.766,
  2.463,
  -6.766,
  11.109,
  -1.168,
  10.164,
  1.248,
  11.673,
  2.695,
  12.452,
  4.288,
  6.235,
  -3.6,
  6.235,
  -3.6,
  6.235,
  -3.6,
  1.414,
  -1.877,
  0.069,
  -1.989,
  -3.175,
  3.784,
  -2.913,
  3.865,
  -2.529,
  3.612,
  -1.889,
  2.026,
  -3.377,
  2.029,
  -3.223,
  2.518,
  -1.599,
  1.776,
  -2.729,
  4.202,
  -1.643,
  3.09,
  -1.747,
  4.115,
  -3.278,
  7.363,
  -5.152,
  7.934,
  -3.909,
  8.779,
  -4.169,
  9.822,
  -3.024,
  10.545,
  -2.358,
  11.092,
  -1.68,
  11.953,
  -0.648,
  12.373,
  0,
  12.2,
  0.667,
  12.733,
  1.582,
  12.883,
  2.701,
  12.706,
  0,
  7.72,
  4.885,
  8.461,
  4.885,
  8.461,
  2.304,
  0.406,
  2.904,
  1.057,
  2.904,
  1.057,
  0.789,
  -0.662,
  0.789,
  -0.662,
  11.601,
  8.429,
  10.719,
  6.698,
  10.2,
  6.129,
  10.664,
  0.746,
  11.068,
  -0.968,
  2.463,
  -6.766,
  2.463,
  -6.766,
  2.463,
  -6.766,
  2.463,
  -6.766,
  1.839,
  0.706,
  1.496,
  1.915,
  3.244,
  2.271,
  0.63,
  0.725,
  -0.193,
  1.093,
  -0.917,
  0.447,
  1.011,
  0.879,
  1.011,
  0.879,
  -3.374,
  4.644,
  -3.613,
  4.013,
  -3.606,
  3.606,
  -3.568,
  3.446,
  -2.698,
  1.09,
  -3.496,
  1.272,
  -5.248,
  4.1,
  -3.021,
  4.009,
  -2.373,
  2.93,
  -4.95,
  8.93,
  -4.913,
  7.565,
  -4.853,
  8.755,
  -4.648,
  8.741,
  -4.328,
  9.72,
  -3.169,
  10.366,
  -2.811,
  11.275,
  -1.652,
  11.754,
  -0.412,
  11.803,
  -0.841,
  12.031,
  0,
  12.41,
  1.544,
  12.576,
  2.444,
  12.575,
  0,
  7.72,
  0,
  7.72,
  0,
  7.72,
  2.845,
  3.513,
  2.904,
  1.057,
  2.904,
  1.057,
  0.789,
  -0.662,
  0.789,
  -0.662,
  9.592,
  2.57,
  10.978,
  1.348,
  11.794,
  0.618,
  11.804,
  -0.619,
  11.439,
  -2.641,
  4.254,
  -0.223,
  2.463,
  -6.766,
  1.33,
  -0.163,
  1.33,
  -0.163,
  1.698,
  0.089,
  0.116,
  0.435,
  5.2,
  -0.455,
  -0.762,
  -0.663,
  0.804,
  4.56,
  0.804,
  4.56,
  2.435,
  -3.749,
  4.902,
  -2.83,
  -3.688,
  4.72,
  -4.153,
  4.777,
  -3.562,
  4.098,
  -4.698,
  1.71,
  -5.938,
  2.045,
  -5.863,
  2.987,
  -4.772,
  3.864,
  -4.926,
  4.133,
  -3.731,
  4.775,
  -3.981,
  5.903,
  -6.299,
  7.779,
  -5.341,
  8.889,
  -4.749,
  9.32,
  -4.232,
  9.969,
  -3.484,
  10.117,
  -2.734,
  10.964,
  -1.819,
  11.487,
  -0.615,
  11.734,
  -0.204,
  11.708,
  0.413,
  11.813,
  0,
  12.17,
  1.812,
  12.893,
  0,
  7.72,
  0,
  7.72,
  4.718,
  8.874,
  5.475,
  6.761,
  10.79,
  8.131,
  9.806,
  4.573,
  11.275,
  2.811,
  8.21,
  0.574,
  11.163,
  0.39,
  11.383,
  -0.398,
  11.664,
  -0.611,
  3.6,
  0,
  2.531,
  0.446,
  2.429,
  0.743,
  1.33,
  -0.163,
  3.072,
  0.215,
  6.716,
  -1.184,
  -2.57,
  4.451,
  5.915,
  -10.245,
  5.915,
  -10.245,
  0.396,
  -2.499,
  0.804,
  4.56,
  0.804,
  4.56,
  2.435,
  -3.749,
  4.902,
  -2.83,
  -2.399,
  4.512,
  -1.821,
  4.506,
  -3.1,
  2.994,
  -4.759,
  2.02,
  -6.076,
  1.628,
  -5.396,
  2.18,
  -5.055,
  2.802,
  -4.71,
  3.814,
  -3.881,
  4.161,
  -3.874,
  4.303,
  -3.946,
  5.051,
  -5.966,
  8.212,
  -5.19,
  8.989,
  -4.616,
  9.464,
  -3.353,
  10.319,
  -2.483,
  10.757,
  -2.152,
  11.073,
  -1.606,
  11.428,
  -1.046,
  11.954,
  -0.216,
  12.388,
  -0.217,
  12.438,
  0.932,
  13.327,
  1.921,
  13.666,
  3.86,
  6.686,
  5.336,
  11.986,
  8.552,
  11.349,
  9.984,
  7.8,
  11.066,
  5.639,
  11.093,
  3.181,
  11.081,
  2.763,
  0.77,
  -1.334,
  0.77,
  -1.334,
  0.358,
  -2.029,
  3.6,
  0,
  2.531,
  0.446,
  2.531,
  0.446,
  1.16,
  -0.67,
  0.845,
  -1.406,
  2.321,
  0.845,
  -0.893,
  -5.062,
  -2.57,
  4.451,
  5.915,
  -10.245,
  1.389,
  -2.726,
  10.292,
  -14.166,
  9.297,
  -14.316,
  9.986,
  -13.745,
  9.21,
  -13.654,
  -0.356,
  1.673,
  -0.89,
  1.746,
  -2.735,
  0.995,
  -5.261,
  -0.553,
  -5.307,
  0.371,
  -5.075,
  1.455,
  -5.052,
  2.249,
  -6.818,
  4.261,
  -3.976,
  3.58,
  -3.334,
  2.7,
  -3.993,
  3.724,
  -4.975,
  5.929,
  -5.569,
  8.913,
  -5.4,
  9.353,
  -3.917,
  10.204,
  -3.659,
  10.628,
  -2.869,
  11.508,
  -2.326,
  11.966,
  -1.542,
  12.556,
  -0.912,
  13.038,
  0,
  13.13,
  0,
  13.12,
  3.86,
  6.686,
  3.86,
  6.686,
  3.86,
  6.686,
  8.418,
  9.349,
  10.346,
  6.465,
  11.412,
  3.93,
  11.22,
  2.181,
  -0.333,
  -0.825,
  -0.333,
  -0.825,
  0.77,
  -1.334,
  0.358,
  -2.029,
  0.358,
  -2.029,
  9.632,
  8.982,
  1.16,
  -0.67,
  1.16,
  -0.67,
  3.701,
  -0.259,
  6.412,
  -5.38,
  -0.893,
  -5.062,
  -0.893,
  -5.062,
  9.043,
  -11.168,
  8.87,
  -12.208,
  8.883,
  -13.679,
  9.527,
  -12.642,
  9.017,
  -12.41,
  8.338,
  -12.361,
  0.396,
  -0.056,
  -0.81,
  -0.899,
  -1.025,
  -0.522,
  -2.901,
  0.723,
  -4.977,
  -0.174,
  -4.763,
  0.25,
  -5.348,
  0.943,
  -4.873,
  1.871,
  -3.057,
  2.389,
  -3.463,
  3.118,
  -3.705,
  3.577,
  -3.877,
  4.787,
  -5.737,
  8.506,
  -5.556,
  10.023,
  -4.431,
  10.439,
  -4.25,
  11.072,
  -3.227,
  12.045,
  -2.645,
  12.442,
  -2.026,
  12.791,
  -1.376,
  13.088,
  -0.894,
  12.779,
  0.23,
  13.188,
  1.876,
  13.349,
  3.86,
  6.686,
  3.884,
  7.963,
  7.581,
  8.42,
  8.877,
  4.921,
  8.606,
  2.306,
  8.774,
  3.021,
  3.445,
  4.106,
  3.445,
  4.106,
  0.271,
  -0.359,
  2.518,
  -0.917,
  3.319,
  -1.341,
  3.482,
  3.362,
  3.731,
  8.791,
  3.032,
  -0.48,
  10.405,
  -11.556,
  10.484,
  -12.947,
  10.062,
  -13.353,
  9.675,
  -13.316,
  9.372,
  -13.385,
  8.936,
  -12.762,
  9.327,
  -11.517,
  9.238,
  -11.409,
  7.843,
  -12.551,
  7.718,
  -11.884,
  -0.199,
  -0.237,
  -0.891,
  -0.774,
  -1.288,
  -0.495,
  -1.601,
  0.168,
  -2.311,
  2.081,
  -5.488,
  1.997,
  -4.754,
  1.185,
  -0.89,
  0,
  -3.673,
  2.669,
  -2.605,
  2.698,
  -2.209,
  2.931,
  -2.494,
  3.698,
  -3.855,
  6.677,
  -4.309,
  8.835,
  -4.894,
  9.605,
  -4.186,
  10.904,
  -3.244,
  11.314,
  -2.48,
  11.669,
  -1.663,
  11.834,
  -0.635,
  12.113,
  0.418,
  11.983,
  2.627,
  11.381,
  5.202,
  9.783,
  7.722,
  7.722,
  9.007,
  5.849,
  9.471,
  4.416,
  9.188,
  3.712,
  8.332,
  5.006,
  6.677,
  7.16,
  3.445,
  4.106,
  3.445,
  4.106,
  1.531,
  2.451,
  3.319,
  -1.341,
  3.319,
  -1.341,
  9.009,
  -0.157,
  11.757,
  -10.586,
  10.92,
  -12.128,
  10.69,
  -12.739,
  9.795,
  -12.537,
  8.676,
  -13.36,
  8.643,
  -13.31,
  9.247,
  -11.836,
  9.031,
  -11.152,
  8.703,
  -10.372,
  7.03,
  -12.176,
  7.331,
  -11.289,
  7.286,
  -10.802,
  0.684,
  -2.238,
  0.656,
  -0.871,
  -0.101,
  0.52,
  -0.527,
  1.372,
  1.026,
  -2.819,
  1.026,
  -2.819,
  -3.3,
  3.417,
  0,
  1,
  0,
  1,
  -2.31,
  3.179,
  -2.467,
  3.046,
  -1.818,
  3.28,
  0,
  -0.45,
  0,
  -0.45,
  -1.353,
  7.672,
  -2.684,
  8.779,
  -2.521,
  10.11,
  -1.089,
  10.363,
  0,
  9.7,
  2.572,
  8.969,
  4.751,
  8.935,
  6.547,
  7.532,
  7.274,
  5.89,
  8.42,
  4.29,
  8.531,
  5.331,
  7.253,
  6.531,
  7.486,
  8.611,
  8.457,
  9.069,
  8.711,
  9.021,
  6.452,
  8.258,
  6.953,
  9.571,
  1.529,
  -4.2,
  1.529,
  -4.2,
  3.48,
  -4.298,
  10.149,
  -10.51,
  10.649,
  -10.649,
  10.136,
  -11.66,
  9.465,
  -11.688,
  8.687,
  -11.957,
  8.042,
  -11.485,
  8.49,
  -10.484,
  8.311,
  -10.638,
  8.052,
  -10.686,
  6.926,
  -11.084,
  6.819,
  -10.5,
  6.645,
  -10.232,
  6.37,
  -10.194,
  -0.072,
  -0.686,
  0.688,
  -0.82,
  1.011,
  -0.91,
  1.522,
  -0.16,
  1.026,
  -2.819,
  1.026,
  -2.819,
  1.624,
  0.228,
  0,
  1,
  0,
  1,
  0.169,
  3.216,
  0,
  0.45,
  0,
  0.45,
  1.732,
  1,
  -0.948,
  -0.948,
  2.598,
  1.5,
  -1.172,
  8.338,
  -0.551,
  7.881,
  1.377,
  7.81,
  3.431,
  8.082,
  5.374,
  7.967,
  6.097,
  6.538,
  6.012,
  5.606,
  5.792,
  5.401,
  7.618,
  7.356,
  7.591,
  8.732,
  6.203,
  9.552,
  6.099,
  9.761,
  6.105,
  9.77,
  7.877,
  7.877,
  7.443,
  8.871,
  5.661,
  11.111,
  1.529,
  -4.2,
  1.529,
  -4.2,
  8.503,
  -8.211,
  9.711,
  -10.056,
  9.843,
  -10.932,
  8.955,
  -11.059,
  8.377,
  -11.117,
  7.549,
  -11.192,
  7.794,
  -10.342,
  7.782,
  -9.96,
  7.288,
  -9.671,
  6.71,
  -9.948,
  6.274,
  -10.041,
  5.532,
  -9.979,
  5.485,
  -9.5,
  5.585,
  -8.938,
  -1.333,
  0.709,
  -0.414,
  1.545,
  -0.939,
  1.766,
  1.188,
  1.23,
  1.144,
  0.243,
  1.191,
  -0.146,
  1.227,
  -0.828,
  2.01,
  -0.895,
  2.106,
  -0.564,
  1.54,
  0.355,
  1.778,
  0.282,
  1.318,
  4.595,
  1.732,
  1,
  1.732,
  1,
  2.598,
  1.5,
  2.598,
  1.5,
  4.745,
  5.86,
  5.187,
  6.182,
  4.095,
  6.814,
  4.285,
  5.485,
  3.815,
  5.251,
  4.704,
  6.02,
  4.79,
  8.641,
  4.752,
  9.743,
  5.845,
  9.354,
  5.575,
  7.962,
  4.72,
  8.175,
  5.99,
  8.244,
  3.864,
  8.679,
  10.023,
  4.049,
  11.136,
  -5.431,
  10.056,
  -7.306,
  10.819,
  -8.453,
  9.564,
  -8.612,
  9.357,
  -9.69,
  8.98,
  -9.973,
  7.594,
  -10.452,
  7.267,
  -10.379,
  7.394,
  -9.464,
  6.975,
  -9.256,
  7.023,
  -9.32,
  6.209,
  -9.561,
  5.861,
  -9.379,
  5.36,
  -9.284,
  5.591,
  -8.947,
  5.285,
  -9.154,
  4.926,
  -8.886
]