var minlat = 35
var maxlat = 37.5
var minlng = 126
var maxlng = 129.2
var gap = 0.1

[
  1.324,
  1.578,
  1.324,
  1.578,
  1.324,
  1.578,
  1.324,
  1.578,
  1.324,
  1.578,
  1.324,
  1.578,
  1.324,
  1.578,
  0,
  2.06,
  0,
  2.06,
  0,
  2.06,
  0.352,
  0.968,
  0.352,
  0.968,
  0.352,
  0.968,
  0.352,
  0.968,
  0.352,
  0.968,
  0.352,
  0.968,
  0.352,
  0.968,
  0.352,
  0.968,
  0.352,
  0.968,
  0.352,
  0.968,
  0.717,
  0.623,
  0.962,
  0.49,
  1.205,
  0.368,
  1.254,
  0.199,
  -0.358,
  2.029,
  -0.358,
  2.029,
  -0.358,
  2.029,
  -0.358,
  2.029,
  -0.358,
  2.029,
  -0.358,
  2.029,
  -0.358,
  2.029,
  -0.331,
  3.786,
  0.793,
  5.645,
  1.324,
  1.578,
  1.324,
  1.578,
  1.324,
  1.578,
  1.324,
  1.578,
  1.324,
  1.578,
  1.324,
  1.578,
  1.324,
  1.578,
  0,
  2.06,
  0,
  2.06,
  0.352,
  0.968,
  0.352,
  0.968,
  0.352,
  0.968,
  0.352,
  0.968,
  0.352,
  0.968,
  0.352,
  0.968,
  0.352,
  0.968,
  0.352,
  0.968,
  0.352,
  0.968,
  0.352,
  0.968,
  0.352,
  0.968,
  0.9,
  0.541,
  0.971,
  0.373,
  1.05,
  0.204,
  1.059,
  0.055,
  0.998,
  -0.07,
  0.939,
  -0.2,
  0.69,
  -0.024,
  0.444,
  0.153,
  -0.017,
  0.5,
  -0.677,
  1.003,
  -1.325,
  1.525,
  -0.493,
  3.111,
  0.329,
  4.709,
  1.324,
  1.578,
  1.324,
  1.578,
  1.324,
  1.578,
  1.324,
  1.578,
  1.324,
  1.578,
  1.324,
  1.578,
  1.324,
  1.578,
  1.324,
  1.578,
  1.324,
  1.578,
  0.352,
  0.968,
  0.352,
  0.968,
  0.352,
  0.968,
  0.352,
  0.968,
  0.352,
  0.968,
  0.352,
  0.968,
  0.352,
  0.968,
  0.352,
  0.968,
  0.352,
  0.968,
  0.352,
  0.968,
  1.031,
  0.355,
  1.086,
  0.461,
  0.98,
  0.244,
  0.879,
  0.031,
  0.855,
  -0.09,
  0.901,
  -0.127,
  0.955,
  -0.168,
  0.98,
  0,
  0.998,
  0.158,
  0.543,
  0.409,
  -0.386,
  0.757,
  -1.318,
  1.106,
  -0.697,
  2.432,
  -0.066,
  3.769,
  1.324,
  1.578,
  1.324,
  1.578,
  1.324,
  1.578,
  1.324,
  1.578,
  1.324,
  1.578,
  1.324,
  1.578,
  1.324,
  1.578,
  1.324,
  1.578,
  0.352,
  0.968,
  0.352,
  0.968,
  0.352,
  0.968,
  0.352,
  0.968,
  0.352,
  0.968,
  0.352,
  0.968,
  0.352,
  0.968,
  0.352,
  0.968,
  0.352,
  0.968,
  -1.014,
  -0.179,
  -1.014,
  -0.179,
  -1.014,
  -0.179,
  -1.014,
  -0.179,
  1.027,
  0.218,
  0.858,
  0.06,
  0.81,
  -0.028,
  0.879,
  -0.031,
  0.94,
  -0.016,
  1.09,
  0,
  1.23,
  0.021,
  0.849,
  0.135,
  -0.069,
  0.353,
  -0.987,
  0.57,
  -0.744,
  1.672,
  -0.536,
  2.758,
  1.324,
  1.578,
  1.324,
  1.578,
  1.324,
  1.578,
  1.324,
  1.578,
  1.324,
  1.578,
  1.324,
  1.578,
  1.324,
  1.578,
  1.324,
  1.578,
  0.352,
  0.968,
  0.352,
  0.968,
  0.352,
  0.968,
  0.352,
  0.968,
  0.352,
  0.968,
  0.352,
  0.968,
  -1.014,
  -0.179,
  -1.014,
  -0.179,
  -1.014,
  -0.179,
  -1.014,
  -0.179,
  -1.014,
  -0.179,
  -1.014,
  -0.179,
  -1.014,
  -0.179,
  -1.014,
  -0.179,
  0.98,
  0.244,
  0.912,
  0.227,
  0.912,
  0.227,
  0.906,
  0.209,
  1.02,
  -0.018,
  1.14,
  -0.263,
  0.883,
  -0.321,
  0.256,
  -0.208,
  -0.367,
  -0.098,
  -0.709,
  0.788,
  -1.049,
  1.679,
  1.324,
  1.578,
  1.324,
  1.578,
  1.324,
  1.578,
  1.324,
  1.578,
  1.324,
  1.578,
  1.324,
  1.578,
  1.324,
  1.578,
  1.324,
  1.578,
  0.352,
  0.968,
  0.352,
  0.968,
  0.352,
  0.968,
  -1.014,
  -0.179,
  -1.014,
  -0.179,
  -1.014,
  -0.179,
  -1.014,
  -0.179,
  -1.014,
  -0.179,
  -1.014,
  -0.179,
  -1.014,
  -0.179,
  -1.014,
  -0.179,
  -1.014,
  -0.179,
  -1.014,
  -0.179,
  -1.014,
  -0.179,
  -1.014,
  -0.179,
  1.016,
  0.495,
  0.944,
  0.481,
  0.865,
  0.46,
  0.959,
  -0.05,
  1.051,
  -0.536,
  0.927,
  -0.778,
  0.59,
  -0.783,
  0.264,
  -0.766,
  -0.673,
  -0.095,
  -1.607,
  0.585,
  0,
  5.04,
  0.326,
  4.659,
  1.324,
  1.578,
  1.324,
  1.578,
  1.324,
  1.578,
  1.324,
  1.578,
  1.324,
  1.578,
  1.324,
  1.578,
  -1.014,
  -0.179,
  -1.014,
  -0.179,
  -1.014,
  -0.179,
  -1.014,
  -0.179,
  -1.014,
  -0.179,
  -1.014,
  -0.179,
  -1.014,
  -0.179,
  -1.014,
  -0.179,
  -1.014,
  -0.179,
  -1.014,
  -0.179,
  -1.014,
  -0.179,
  -1.014,
  -0.179,
  -1.014,
  -0.179,
  -1.014,
  -0.179,
  -1.014,
  -0.179,
  0.817,
  0.071,
  0.748,
  -0.052,
  0.676,
  -0.181,
  0.816,
  -0.38,
  0.96,
  -0.577,
  0.963,
  -0.699,
  0.806,
  -0.778,
  0.644,
  -0.855,
  -0.318,
  -0.318,
  -1.284,
  0.203,
  -0.284,
  5.413,
  0,
  4.91,
  0.23,
  4.394,
  0.412,
  3.918,
  0.367,
  3.491,
  0.374,
  3.047,
  0.234,
  2.68,
  0.081,
  2.309,
  -1.014,
  -0.179,
  -1.014,
  -0.179,
  -1.014,
  -0.179,
  -1.014,
  -0.179,
  -1.014,
  -0.179,
  -1.014,
  -0.179,
  -1.014,
  -0.179,
  -1.014,
  -0.179,
  -1.014,
  -0.179,
  -1.014,
  -0.179,
  -1.014,
  -0.179,
  -1.014,
  -0.179,
  -1.014,
  -0.179,
  -1.014,
  -0.179,
  -1.014,
  -0.179,
  0.612,
  -0.339,
  0.546,
  -0.585,
  0.475,
  -0.823,
  0.688,
  -0.712,
  0.876,
  -0.614,
  1.001,
  -0.625,
  1.017,
  -0.794,
  1.04,
  -0.937,
  0.038,
  -0.549,
  -0.958,
  -0.152,
  -0.294,
  5.612,
  0,
  5.08,
  0.318,
  4.549,
  0.424,
  4.038,
  0.371,
  3.531,
  0.265,
  3.028,
  0.046,
  2.66,
  -0.16,
  2.284,
  -1.014,
  -0.179,
  -1.014,
  -0.179,
  -1.014,
  -0.179,
  -1.014,
  -0.179,
  -1.014,
  -0.179,
  -1.014,
  -0.179,
  -1.014,
  -0.179,
  -1.014,
  -0.179,
  -1.014,
  -0.179,
  -1.014,
  -0.179,
  -1.014,
  -0.179,
  -1.014,
  -0.179,
  -1.014,
  -0.179,
  -1.014,
  -0.179,
  -1.014,
  -0.179,
  0.474,
  -0.474,
  0.476,
  -0.68,
  0.485,
  -0.875,
  0.683,
  -0.66,
  0.882,
  -0.449,
  1.029,
  -0.416,
  1.114,
  -0.567,
  1.221,
  -0.705,
  0.228,
  -0.512,
  -0.76,
  -0.307,
  -0.098,
  5.639,
  0.273,
  5.203,
  0.671,
  4.773,
  0.824,
  4.241,
  0.641,
  3.634,
  0.533,
  3.023,
  0.226,
  2.58,
  -0.112,
  2.137,
  -1.014,
  -0.179,
  -1.014,
  -0.179,
  -1.014,
  -0.179,
  -1.014,
  -0.179,
  -1.014,
  -0.179,
  -1.014,
  -0.179,
  -1.014,
  -0.179,
  -1.014,
  -0.179,
  -1.014,
  -0.179,
  -1.014,
  -0.179,
  -1.014,
  -0.179,
  -1.014,
  -0.179,
  -1.014,
  -0.179,
  -1.014,
  -0.179,
  -1.014,
  -0.179,
  0.379,
  -0.341,
  0.534,
  -0.334,
  0.692,
  -0.338,
  0.821,
  -0.22,
  0.945,
  -0.099,
  1.039,
  -0.054,
  1.094,
  -0.115,
  1.159,
  -0.163,
  0.241,
  -0.195,
  -0.675,
  -0.219,
  0.099,
  5.659,
  0.559,
  5.321,
  1.058,
  4.979,
  1.193,
  4.453,
  0.999,
  3.728,
  0.805,
  3.004,
  0.351,
  2.495,
  -0.069,
  1.989,
  -1.014,
  -0.179,
  -1.014,
  -0.179,
  -1.014,
  -0.179,
  -1.014,
  -0.179,
  -1.014,
  -0.179,
  -1.014,
  -0.179,
  -1.014,
  -0.179,
  -1.014,
  -0.179,
  -1.014,
  -0.179,
  -1.014,
  -0.179,
  -1.014,
  -0.179,
  -1.014,
  -0.179,
  -1.014,
  -0.179,
  -1.014,
  -0.179,
  -1.014,
  -0.179,
  0.287,
  -0.201,
  0.6,
  0,
  1.18,
  -0.99,
  1.18,
  -0.99,
  1.18,
  -0.99,
  1.18,
  -0.99,
  1.081,
  0.33,
  1.097,
  0.378,
  0.254,
  0.118,
  -0.594,
  -0.137,
  -0.097,
  5.549,
  0.454,
  5.19,
  0.939,
  4.83,
  1.157,
  4.318,
  1.184,
  3.643,
  1.143,
  2.978,
  0.547,
  2.193,
  -0.025,
  1.41,
  -0.366,
  1.005,
  -1.014,
  -0.179,
  -1.014,
  -0.179,
  -1.014,
  -0.179,
  -1.014,
  -0.179,
  -1.014,
  -0.179,
  -1.014,
  -0.179,
  -1.014,
  -0.179,
  -1.014,
  -0.179,
  -1.014,
  -0.179,
  -1.014,
  -0.179,
  -1.014,
  -0.179,
  -1.014,
  -0.179,
  -1.014,
  -0.179,
  1.18,
  -0.99,
  1.18,
  -0.99,
  1.18,
  -0.99,
  1.18,
  -0.99,
  1.18,
  -0.99,
  1.18,
  -0.99,
  1.18,
  -0.99,
  1.18,
  -0.99,
  1.18,
  -0.99,
  1.18,
  -0.99,
  -0.62,
  0.011,
  -0.19,
  5.437,
  0.265,
  5.053,
  0.823,
  4.668,
  1.194,
  4.162,
  1.362,
  3.548,
  1.503,
  2.949,
  0.764,
  1.891,
  0.014,
  0.83,
  -0.389,
  0.389,
  -0.453,
  0.56,
  -1.014,
  -0.179,
  -1.014,
  -0.179,
  -1.014,
  -0.179,
  -1.014,
  -0.179,
  -1.014,
  -0.179,
  -1.014,
  -0.179,
  -1.014,
  -0.179,
  -1.014,
  -0.179,
  -1.014,
  -0.179,
  -1.014,
  -0.179,
  -1.014,
  -0.179,
  1.18,
  -0.99,
  1.18,
  -0.99,
  1.18,
  -0.99,
  1.18,
  -0.99,
  1.18,
  -0.99,
  1.18,
  -0.99,
  1.18,
  -0.99,
  1.18,
  -0.99,
  1.18,
  -0.99,
  1.18,
  -0.99,
  1.18,
  -0.99,
  1.18,
  -0.99,
  -0.365,
  5.217,
  0.169,
  4.837,
  0.626,
  4.456,
  1.059,
  3.951,
  1.356,
  3.356,
  1.712,
  2.739,
  0.921,
  1.662,
  0.118,
  0.609,
  -0.307,
  0.207,
  -0.341,
  0.469,
  -0.377,
  0.74,
  -1.014,
  -0.179,
  -1.014,
  -0.179,
  -1.014,
  -0.179,
  -1.014,
  -0.179,
  -1.014,
  -0.179,
  -1.014,
  -0.179,
  -1.014,
  -0.179,
  -1.014,
  -0.179,
  -1.014,
  -0.179,
  1.18,
  -0.99,
  1.18,
  -0.99,
  1.18,
  -0.99,
  1.18,
  -0.99,
  1.18,
  -0.99,
  1.18,
  -0.99,
  1.18,
  -0.99,
  1.18,
  -0.99,
  1.18,
  -0.99,
  1.18,
  -0.99,
  1.18,
  -0.99,
  1.18,
  -0.99,
  1.18,
  -0.99,
  -0.428,
  4.891,
  0,
  4.53,
  0.365,
  4.174,
  0.844,
  3.654,
  1.278,
  3.01,
  1.716,
  2.362,
  1.002,
  1.543,
  0.254,
  0.738,
  -0.108,
  0.468,
  -0.103,
  0.733,
  -0.088,
  1.006,
  0,
  0.91,
  0.086,
  0.816,
  0.088,
  0.715,
  -1.014,
  -0.179,
  -1.014,
  -0.179,
  -1.014,
  -0.179,
  0.43,
  0.461,
  0.464,
  0.497,
  0.275,
  0.589,
  1.18,
  -0.99,
  1.18,
  -0.99,
  1.18,
  -0.99,
  1.18,
  -0.99,
  1.18,
  -0.99,
  1.18,
  -0.99,
  1.18,
  -0.99,
  1.18,
  -0.99,
  1.18,
  -0.99,
  1.18,
  -0.99,
  1.18,
  -0.99,
  1.18,
  -0.99,
  1.18,
  -0.99,
  -0.479,
  4.555,
  -0.147,
  4.217,
  0.136,
  3.888,
  0.594,
  3.368,
  1.188,
  2.668,
  1.767,
  1.962,
  1.071,
  1.422,
  0.401,
  0.861,
  0.089,
  0.725,
  0.141,
  1,
  0.202,
  1.274,
  0.261,
  1.048,
  0.333,
  0.825,
  0.222,
  0.685,
  -0.078,
  0.635,
  -0.381,
  0.587,
  0.068,
  0.646,
  0.523,
  0.72,
  0.526,
  0.779,
  1.18,
  -0.99,
  1.18,
  -0.99,
  1.18,
  -0.99,
  1.18,
  -0.99,
  1.18,
  -0.99,
  1.18,
  -0.99,
  1.18,
  -0.99,
  1.18,
  -0.99,
  1.18,
  -0.99,
  1.18,
  -0.99,
  1.18,
  -0.99,
  1.18,
  -0.99,
  1.18,
  -0.99,
  1.18,
  -0.99,
  -0.61,
  4.337,
  -0.287,
  4.11,
  -0.068,
  3.869,
  0.303,
  3.467,
  0.776,
  2.898,
  1.244,
  2.34,
  0.681,
  1.87,
  0.147,
  1.402,
  -0.086,
  1.227,
  0,
  1.34,
  0.101,
  1.446,
  0.227,
  1.168,
  0.344,
  0.896,
  0.307,
  0.76,
  0.095,
  0.774,
  -0.125,
  0.79,
  0.212,
  0.792,
  0.542,
  0.804,
  0.479,
  0.797,
  1.18,
  -0.99,
  1.18,
  -0.99,
  1.18,
  -0.99,
  1.18,
  -0.99,
  1.18,
  -0.99,
  1.18,
  -0.99,
  1.18,
  -0.99,
  1.18,
  -0.99,
  1.18,
  -0.99,
  1.18,
  -0.99,
  1.18,
  -0.99,
  1.18,
  -0.99,
  1.18,
  -0.99,
  1.18,
  -0.99,
  -0.654,
  4.129,
  -0.489,
  3.98,
  -0.269,
  3.851,
  0.062,
  3.559,
  0.384,
  3.127,
  0.722,
  2.695,
  0.285,
  2.323,
  -0.135,
  1.935,
  -0.272,
  1.719,
  -0.117,
  1.676,
  0,
  1.62,
  0.181,
  1.287,
  0.369,
  0.962,
  0.389,
  0.834,
  0.262,
  0.913,
  0.138,
  0.98,
  0.342,
  0.94,
  0.577,
  0.889,
  0.451,
  0.813,
  1.18,
  -0.99,
  1.18,
  -0.99,
  1.18,
  -0.99,
  1.18,
  -0.99,
  1.18,
  -0.99,
  1.18,
  -0.99,
  1.18,
  -0.99,
  1.18,
  -0.99,
  1.18,
  -0.99,
  1.18,
  -0.99,
  1.18,
  -0.99,
  1.18,
  -0.99,
  1.18,
  -0.99,
  1.18,
  -0.99,
  -0.559,
  3.981,
  -0.418,
  3.978,
  -0.208,
  3.975,
  -0.066,
  3.789,
  0.18,
  3.425,
  0.429,
  3.05,
  0.094,
  2.688,
  -0.285,
  2.323,
  -0.361,
  2.048,
  -0.198,
  1.88,
  0,
  1.72,
  0.175,
  1.429,
  0.368,
  1.132,
  0.443,
  0.996,
  0.434,
  1.022,
  0.42,
  1.038,
  0.499,
  0.98,
  0.594,
  0.914,
  0.385,
  0.825,
  -0.122,
  0.689,
  1.18,
  -0.99,
  1.18,
  -0.99,
  1.18,
  -0.99,
  1.18,
  -0.99,
  1.18,
  -0.99,
  1.18,
  -0.99,
  1.18,
  -0.99,
  1.18,
  -0.99,
  1.18,
  -0.99,
  1.18,
  -0.99,
  1.18,
  -0.99,
  1.18,
  -0.99,
  1.18,
  -0.99,
  -0.273,
  3.91,
  -0.142,
  4.078,
  0.446,
  2.531,
  0.446,
  2.531,
  0.446,
  2.531,
  0.446,
  2.531,
  0,
  2.98,
  -0.358,
  2.545,
  -0.391,
  2.216,
  -0.173,
  1.972,
  0.091,
  1.738,
  0.221,
  1.575,
  0.375,
  1.401,
  0.502,
  1.242,
  0.611,
  1.102,
  0.728,
  0.966,
  0.67,
  0.922,
  0.604,
  0.895,
  0.301,
  0.827,
  -0.288,
  0.714,
  1.18,
  -0.99,
  1.18,
  -0.99,
  1.18,
  -0.99,
  1.18,
  -0.99,
  1.18,
  -0.99,
  1.18,
  -0.99,
  1.18,
  -0.99,
  1.18,
  -0.99,
  1.18,
  -0.99,
  1.18,
  -0.99,
  1.18,
  -0.99,
  0.179,
  1.014,
  0.179,
  1.014,
  0.446,
  2.531,
  0.446,
  2.531,
  0.446,
  2.531,
  0.446,
  2.531,
  0.446,
  2.531,
  0.446,
  2.531,
  0.446,
  2.531,
  0.446,
  2.531,
  0.446,
  2.531,
  -0.145,
  2.075,
  0.154,
  1.763,
  0.272,
  1.719,
  0.356,
  1.673,
  0.544,
  1.494,
  0.779,
  1.199,
  1.026,
  0.892,
  0.825,
  0.885,
  0.629,
  0.866,
  0.206,
  0.825,
  -0.453,
  0.754,
  -1.094,
  0.684,
  1.18,
  -0.99,
  1.18,
  -0.99,
  1.18,
  -0.99,
  1.18,
  -0.99,
  1.18,
  -0.99,
  1.18,
  -0.99,
  0.179,
  1.014,
  0.179,
  1.014,
  0.179,
  1.014,
  0.179,
  1.014,
  0.179,
  1.014,
  0.179,
  1.014,
  0.446,
  2.531,
  0.446,
  2.531,
  0.446,
  2.531,
  0.446,
  2.531,
  0.446,
  2.531,
  0.446,
  2.531,
  0.446,
  2.531,
  0.446,
  2.531,
  0.446,
  2.531,
  0.446,
  2.531,
  0.034,
  1.92,
  0.166,
  1.893,
  0.296,
  1.867,
  0.52,
  1.702,
  0.81,
  1.403,
  1.117,
  1.117,
  0.692,
  0.855,
  0.268,
  0.603,
  -0.195,
  0.536,
  -0.706,
  0.636,
  -1.204,
  0.752,
  -1.071,
  1.189,
  1.18,
  -0.99,
  0.179,
  1.014,
  0.179,
  1.014,
  0.179,
  1.014,
  0.179,
  1.014,
  0.179,
  1.014,
  0.179,
  1.014,
  0.179,
  1.014,
  0.179,
  1.014,
  0.179,
  1.014,
  0.179,
  1.014,
  0.446,
  2.531,
  0.446,
  2.531,
  0.446,
  2.531,
  0.446,
  2.531,
  0.446,
  2.531,
  0.446,
  2.531,
  0.446,
  2.531,
  0.446,
  2.531,
  0.446,
  2.531,
  0.446,
  2.531,
  0.446,
  2.531,
  0.072,
  2.069,
  0.216,
  2.059,
  0.477,
  1.911,
  0.859,
  1.616,
  1.204,
  1.338,
  0.559,
  0.829,
  -0.091,
  0.338,
  -0.593,
  0.24,
  -0.953,
  0.528,
  -1.306,
  0.816,
  -1.188,
  1.188,
  0.179,
  1.014,
  0.179,
  1.014,
  0.179,
  1.014,
  0.179,
  1.014,
  0.179,
  1.014,
  0.179,
  1.014,
  0.179,
  1.014,
  0.179,
  1.014,
  0.179,
  1.014,
  0.179,
  1.014,
  0.179,
  1.014,
  0.446,
  2.531,
  0.446,
  2.531,
  0.446,
  2.531,
  0.446,
  2.531,
  0.446,
  2.531,
  0.446,
  2.531,
  0.446,
  2.531,
  0.446,
  2.531,
  0.446,
  2.531,
  0.446,
  2.531,
  0.446,
  2.531,
  0.446,
  2.531,
  0.263,
  2.144,
  0.491,
  1.97,
  0.802,
  1.645,
  1.112,
  1.325,
  0.388,
  0.7,
  -0.342,
  0.073,
  -0.81,
  -0.014,
  -1.014,
  0.451,
  -1.206,
  0.909,
  -1.084,
  1.204,
  0.179,
  1.014,
  0.179,
  1.014,
  0.179,
  1.014,
  0.179,
  1.014,
  0.179,
  1.014,
  0.179,
  1.014,
  0.179,
  1.014,
  0.179,
  1.014,
  0.179,
  1.014,
  0.179,
  1.014,
  0.179,
  1.014,
  0.446,
  2.531,
  0.446,
  2.531,
  0.446,
  2.531,
  0.446,
  2.531,
  0.446,
  2.531,
  0.446,
  2.531,
  0.446,
  2.531,
  0.446,
  2.531,
  0.446,
  2.531,
  0.446,
  2.531,
  0.446,
  2.531,
  0.446,
  2.531,
  0.373,
  2.117,
  0.472,
  1.892,
  0.663,
  1.489,
  0.843,
  1.08,
  0.18,
  0.445,
  -0.476,
  -0.183,
  -0.838,
  -0.193,
  -0.888,
  0.414,
  -0.955,
  1.024,
  -0.795,
  1.224,
  0.179,
  1.014,
  0.179,
  1.014,
  0.179,
  1.014,
  0.179,
  1.014,
  0.179,
  1.014,
  0.179,
  1.014,
  0.179,
  1.014,
  0.179,
  1.014,
  0.179,
  1.014,
  0.179,
  1.014,
  0.179,
  1.014,
  0.446,
  2.531,
  0.446,
  2.531,
  0.446,
  2.531,
  0.446,
  2.531,
  0.446,
  2.531,
  0.446,
  2.531,
  0.446,
  2.531,
  0.446,
  2.531,
  0.446,
  2.531,
  0.446,
  2.531,
  0.446,
  2.531,
  0.446,
  2.531,
  0.481,
  2.085,
  0.487,
  1.816,
  0.512,
  1.335,
  0.55,
  0.847,
  -0.035,
  0.197,
  -0.615,
  -0.447,
  -0.868,
  -0.386,
  -0.773,
  0.377,
  -0.68,
  1.131,
  -0.506,
  1.252,
  -0.317,
  1.374,
  0.179,
  1.014,
  0.179,
  1.014,
  0.179,
  1.014,
  0.179,
  1.014,
  0.179,
  1.014,
  0.179,
  1.014,
  0.179,
  1.014,
  0.179,
  1.014,
  0.179,
  1.014,
  0.179,
  1.014
]