var minlat = 31
var maxlat = 44
var minlng = 115
var maxlng = 138
var gap = 0.5

[
  2.994,
  0.528,
  4.164,
  1.598,
  2.868,
  0.352,
  3.96,
  0.486,
  4.657,
  0.163,
  5.032,
  0.887,
  4.741,
  3.444,
  2.913,
  2.623,
  2.31,
  -0.04,
  1.908,
  0.694,
  3.64,
  1.775,
  3.788,
  2.014,
  5.45,
  1.984,
  7.22,
  2.207,
  7.039,
  2.702,
  5.569,
  2.837,
  5.961,
  3.037,
  5.691,
  2.534,
  5.831,
  1.454,
  5.41,
  0,
  3.939,
  -0.695,
  3.939,
  -0.695,
  3.939,
  -0.695,
  3.939,
  -0.695,
  3.386,
  -1.1,
  3.108,
  0.272,
  5.114,
  0.994,
  4.02,
  -1.79,
  6.408,
  -2.988,
  7.793,
  -1.095,
  6.929,
  0.121,
  6.898,
  0.847,
  5.807,
  2.229,
  3.93,
  1.202,
  2.5,
  4.33,
  4.217,
  2.534,
  3.78,
  2.271,
  4.583,
  2.54,
  5.152,
  2.856,
  7.944,
  3.372,
  6.27,
  3.62,
  6.194,
  4.839,
  15.489,
  7.223,
  10.841,
  8.779,
  13.895,
  6.777,
  14.782,
  7.532,
  13.205,
  6.158,
  3.873,
  1.184,
  4.536,
  0.557,
  5.938,
  1.047,
  6.061,
  3.36,
  5.554,
  3.337,
  6.099,
  2.22,
  3.814,
  1.239,
  2.48,
  3.062,
  4.84,
  2.257,
  3.245,
  1.799,
  2.128,
  1.131,
  3.024,
  0.983,
  3.68,
  0.986,
  4.733,
  1.268,
  4.954,
  0.873,
  5.308,
  1.323,
  5.796,
  0.712,
  5.831,
  1.133,
  5.203,
  0.273,
  5.617,
  0.196,
  5.909,
  -1.042,
  3.939,
  -0.695,
  3.939,
  -0.695,
  3.542,
  -1.431,
  2.492,
  -0.439,
  4.227,
  -2.96,
  6.326,
  0.221,
  7.43,
  0,
  8.65,
  0,
  5.293,
  0.277,
  6.356,
  -0.222,
  6.899,
  0.12,
  6.157,
  2.741,
  2.5,
  4.33,
  2.5,
  4.33,
  2.5,
  4.33,
  2.5,
  4.33,
  3.899,
  3.765,
  3.645,
  4.343,
  3.592,
  2.158,
  2.459,
  1.253,
  9.036,
  9.69,
  10.981,
  8.275,
  14.19,
  10.31,
  15.156,
  7.722,
  13.727,
  7.925,
  13.994,
  7.757,
  6.306,
  1.808,
  7.009,
  2.277,
  7.029,
  2.558,
  7.518,
  2.736,
  8.157,
  2.969,
  9.198,
  1.788,
  11.049,
  2.551,
  8.294,
  5.183,
  3.841,
  3.978,
  6.949,
  5.049,
  5.995,
  4.355,
  4.891,
  3.299,
  4.967,
  1.907,
  5.36,
  1.042,
  5.214,
  1.108,
  4.722,
  0.918,
  4.613,
  -0.731,
  4.882,
  0.686,
  4.333,
  -0.379,
  5.78,
  0,
  5.823,
  -0.818,
  6.158,
  -1.422,
  5.931,
  -1.589,
  6.622,
  -1.408,
  5.931,
  -1.589,
  6.47,
  -1.141,
  7.087,
  -1.378,
  7.667,
  -1.49,
  8.803,
  1.237,
  8.219,
  0.719,
  8.014,
  2.45,
  6.978,
  2.403,
  2.666,
  -0.14,
  2.5,
  4.33,
  2.5,
  4.33,
  2.5,
  4.33,
  2.302,
  4.517,
  3.208,
  4.106,
  2.4,
  1.442,
  6.149,
  4.634,
  8.139,
  3.795,
  7.982,
  3.064,
  7.546,
  8.993,
  12.395,
  9.34,
  12.802,
  9.647,
  14.858,
  9.284,
  13.9,
  7.082,
  8.463,
  2.587,
  7.842,
  3.01,
  8.864,
  3.763,
  7.404,
  3.773,
  8.037,
  4.64,
  9.059,
  5.23,
  8.063,
  2.935,
  3.761,
  0.868,
  3.18,
  -0.055,
  3.335,
  0.175,
  7.209,
  2.342,
  6.831,
  3.332,
  5.555,
  4.34,
  6.428,
  3.418,
  5.012,
  3.132,
  3.833,
  1.245,
  3.47,
  -1.195,
  2.946,
  -0.154,
  2.929,
  -0.952,
  4.328,
  -0.531,
  5.082,
  -0.896,
  5.335,
  -1.734,
  6.216,
  -1.9,
  6.199,
  -0.871,
  4.569,
  -0.08,
  5.507,
  -1.789,
  6.906,
  -1.468,
  6.761,
  0.354,
  4.712,
  -0.916,
  6.924,
  0.606,
  5.006,
  2.229,
  5.406,
  4.223,
  10.518,
  7.365,
  8.527,
  6.195,
  7.819,
  6.797,
  7.956,
  10.558,
  9.923,
  11.021,
  8.323,
  7.494,
  10.931,
  6.831,
  9.218,
  4.104,
  7.154,
  4.646,
  9.592,
  7.228,
  9.712,
  4.948,
  7.381,
  8.197,
  11.222,
  10.837,
  11.44,
  9.264,
  13.3,
  9.663,
  7.595,
  3.542,
  9.726,
  3.54,
  8.788,
  2.687,
  9.97,
  5.08,
  10.194,
  6.37,
  7.789,
  2.531,
  7.873,
  1.53,
  7.149,
  0.125,
  3.778,
  1.083,
  2.812,
  0.395,
  5.72,
  1.97,
  5.333,
  3.734,
  4.987,
  1.243,
  4.337,
  1.409,
  5.715,
  1.425,
  3.453,
  0.734,
  1.928,
  -2.298,
  1.928,
  -2.298,
  1.928,
  -2.298,
  3.772,
  -0.463,
  4.759,
  0.083,
  4.556,
  -0.559,
  4.377,
  -2.135,
  4.686,
  -2.087,
  4.239,
  -1.887,
  3.639,
  -2.455,
  5.536,
  -3.069,
  3.201,
  -1.774,
  3.84,
  -4.118,
  3.989,
  0.07,
  0.657,
  -0.571,
  7.227,
  11.129,
  4.847,
  11.998,
  6.47,
  13.876,
  9.148,
  12.139,
  8.022,
  10.646,
  8.866,
  11.347,
  10.871,
  11.658,
  10.582,
  7.974,
  11.198,
  7.841,
  11.623,
  6.984,
  10.119,
  5.38,
  8.043,
  8.933,
  9.304,
  7.011,
  8.72,
  7.061,
  9.432,
  10.115,
  10.977,
  7.686,
  6.096,
  0.641,
  9.723,
  2.067,
  10.083,
  3.87,
  6.665,
  1.539,
  7.867,
  4.183,
  4.04,
  0.496,
  1.832,
  -0.778,
  5.764,
  2.567,
  2.281,
  -2.054,
  4.575,
  -0.481,
  6.394,
  1.713,
  4.902,
  1.406,
  5.03,
  2.346,
  3.254,
  -0.751,
  1.223,
  -0.469,
  1.989,
  -0.608,
  1.928,
  -2.298,
  1.928,
  -2.298,
  1.928,
  -2.298,
  3.202,
  -0.337,
  3.576,
  -0.313,
  3.143,
  -0.33,
  2.62,
  -1.335,
  1.731,
  -1.453,
  3.528,
  -1.146,
  3.529,
  1.079,
  5.051,
  0.442,
  4.232,
  -1.375,
  5.181,
  0.545,
  -1.387,
  -1.163,
  0.36,
  0.019,
  0.979,
  6.183,
  1.927,
  12.168,
  3.214,
  15.122,
  3.907,
  15.67,
  6.704,
  12.608,
  7.75,
  11.934,
  8.766,
  10.826,
  10.218,
  11.348,
  11.325,
  8.534,
  11.013,
  8.299,
  11.697,
  8.191,
  12.18,
  6.206,
  8.135,
  9.358,
  8.888,
  6.223,
  10.074,
  5.357,
  8.702,
  7.836,
  6.619,
  2.279,
  10.523,
  2.429,
  9.199,
  4.096,
  4.383,
  1.257,
  0.222,
  -0.611,
  3.835,
  -1.028,
  1.046,
  -0.401,
  3.949,
  -0.069,
  4.46,
  0,
  5.545,
  2.469,
  4.463,
  1.113,
  4.633,
  1.595,
  3.044,
  -1.977,
  1.91,
  -2.629,
  1.929,
  -0.664,
  0.692,
  -1.629,
  1.246,
  -0.905,
  1.342,
  0.775,
  2.663,
  1.664,
  2.083,
  -0.443,
  1.82,
  -0.032,
  1.96,
  -0.999,
  2.012,
  -0.938,
  1.571,
  0.165,
  2.78,
  0.049,
  2.231,
  -0.195,
  2.236,
  1.14,
  2.223,
  2.146,
  2.7,
  0.574,
  1.427,
  -1.285,
  -2.218,
  0.942,
  -2.583,
  5.07,
  -1.067,
  10.154,
  1.465,
  11.93,
  1.694,
  13.796,
  3.537,
  14.186,
  4.316,
  11.859,
  6.44,
  11.154,
  7.448,
  11.043,
  10.204,
  11.333,
  11.123,
  9.333,
  11.109,
  8.371,
  12.179,
  8.215,
  12.847,
  6.831,
  13.407,
  4.617,
  10.111,
  3.881,
  9.42,
  5.221,
  7.26,
  3.385,
  0,
  -1.79,
  0,
  -1.79,
  0,
  1,
  0,
  1,
  3.938,
  -0.138,
  1.422,
  -1.071,
  1.729,
  -0.629,
  4.361,
  2.832,
  7.084,
  3.927,
  3.598,
  2.914,
  3.875,
  0.203,
  2.512,
  -1.119,
  1.056,
  -1.757,
  0.832,
  -1.961,
  0.889,
  -0.047,
  2.013,
  1.517,
  0.97,
  1.68,
  1.594,
  1.158,
  2.762,
  2.401,
  1.663,
  0.477,
  1.514,
  1.624,
  1.832,
  1.145,
  0.448,
  1.167,
  2.846,
  0.605,
  2.892,
  1.807,
  1.006,
  -0.654,
  0.621,
  1.912,
  2.435,
  -0.607,
  3.161,
  -1.681,
  3.917,
  0.904,
  -3.4,
  4.052,
  -2.734,
  7.123,
  -1.144,
  9.32,
  0.783,
  11.193,
  2.328,
  11.976,
  3.86,
  11.879,
  5.99,
  10.375,
  5.974,
  9.943,
  7.451,
  10.641,
  10.288,
  10.288,
  11.506,
  9.655,
  11.946,
  8.058,
  11.94,
  7.174,
  12.296,
  6.265,
  12.099,
  4.644,
  11.073,
  5.401,
  5.756,
  -0.201,
  2.551,
  0.45,
  -0.542,
  -0.693,
  0,
  1,
  0,
  1,
  5.81,
  0,
  5.81,
  0,
  2.037,
  0.907,
  3.105,
  0.774,
  4.891,
  3.299,
  4.919,
  3.574,
  3.332,
  2.796,
  1.478,
  -1.478,
  -0.87,
  -0.812,
  0.366,
  1.722,
  1.058,
  2.076,
  1.366,
  0.666,
  1.493,
  2.694,
  2.524,
  3.116,
  1.83,
  4.111,
  2.777,
  2.414,
  2.401,
  1.945,
  1.549,
  -0.474,
  2.587,
  1.616,
  4.464,
  0.707,
  2.174,
  -0.267,
  5.633,
  -1.615,
  8.084,
  -2.318,
  7.732,
  -2.512,
  0.485,
  -5.549,
  -5.463,
  -2.432,
  -6.468,
  2.88,
  -4.519,
  5.385,
  -2.595,
  7.536,
  -1.058,
  10.065,
  1.482,
  10.546,
  3.532,
  10.871,
  5.275,
  10.353,
  5.552,
  9.24,
  6.628,
  10.207,
  7.769,
  10.31,
  9.935,
  9.935,
  11.416,
  9.245,
  12.583,
  7.561,
  12.21,
  6.768,
  12.916,
  6.299,
  10.32,
  6.201,
  2.531,
  -1.075,
  0.151,
  -2.165,
  2.974,
  -3.806,
  3.185,
  -3.537,
  1.928,
  2.298,
  1.928,
  2.298,
  5.81,
  0,
  1.94,
  2.155,
  3.444,
  2.69,
  4.989,
  2.118,
  7.699,
  4.445,
  7.578,
  9.032,
  2.473,
  3.282,
  -1.732,
  1,
  1.433,
  1.708,
  0.784,
  1.475,
  0.755,
  2.634,
  0.227,
  3.252,
  2.36,
  5.841,
  3.25,
  5.409,
  4.875,
  4.238,
  4.192,
  2.42,
  2.986,
  1.939,
  3.878,
  -0.895,
  5.768,
  0.505,
  10.492,
  -1.103,
  14.041,
  -0.49,
  14.048,
  -0.245,
  11.218,
  0.196,
  9.507,
  -2.726,
  1.585,
  -3.399,
  -6.064,
  1.512,
  -5.99,
  4.514,
  -4.045,
  7.006,
  -1.547,
  8.775,
  0.354,
  10.144,
  2.96,
  10.324,
  3.981,
  10.372,
  5.329,
  10.021,
  5.974,
  9.943,
  6.732,
  10.366,
  8.225,
  10.157,
  9.595,
  9.595,
  11.456,
  8.323,
  12.8,
  7.39,
  12.393,
  6.87,
  14.211,
  6.627,
  2.41,
  -2.873,
  1.527,
  -3.977,
  0.288,
  -4.12,
  -0.055,
  -3.13,
  1.928,
  2.298,
  1.928,
  2.298,
  1.928,
  2.298,
  2.183,
  3.494,
  2.486,
  1.494,
  4.087,
  3.68,
  6.136,
  3.263,
  7.962,
  5.575,
  -1.732,
  1,
  -1.732,
  1,
  -1.732,
  1,
  0.826,
  1.622,
  1.767,
  3.622,
  2.463,
  4.443,
  2.819,
  5.779,
  4.329,
  6.929,
  4.183,
  6.201,
  5.355,
  4.336,
  5.257,
  2.679,
  3.888,
  0.898,
  4.078,
  -1.484,
  3.885,
  -1.979,
  8.529,
  -2.285,
  13.854,
  -1.456,
  12.064,
  1.055,
  10.099,
  3.087,
  1.999,
  1.4,
  -4.09,
  1.995,
  -5.713,
  4.464,
  -4.297,
  6.617,
  -1.849,
  8.009,
  0.163,
  9.349,
  1.789,
  10.144,
  3.239,
  10.596,
  4.752,
  9.743,
  6.28,
  9.67,
  5.676,
  9.446,
  6.4,
  9.854,
  7.734,
  9.551,
  9.171,
  9.171,
  11.569,
  8.405,
  12.523,
  7.525,
  13.614,
  7.86,
  -0.5,
  -0.866,
  0.12,
  -3.448,
  -0.873,
  -3.781,
  -1.781,
  -2.742,
  -1.781,
  -1.342,
  -0.342,
  -0.767,
  1.441,
  2.307,
  3.08,
  5.335,
  3.581,
  4.752,
  4.463,
  4.957,
  5.008,
  5.186,
  6.208,
  6.208,
  -1.732,
  1,
  -1.732,
  1,
  -1.732,
  1,
  1.833,
  3.306,
  2.038,
  4.179,
  3.37,
  5.394,
  3.302,
  5.956,
  4.547,
  7.276,
  4.787,
  7.372,
  4.065,
  5.02,
  6.824,
  5.332,
  7.102,
  3.937,
  3.545,
  -0.625,
  3.545,
  -0.625,
  4.944,
  -1.512,
  6.69,
  0,
  6.69,
  0,
  8.461,
  1.798,
  7.087,
  6.609,
  0.956,
  0.621,
  -5.961,
  3.037,
  -3.886,
  5.762,
  -2.435,
  7.494,
  -0.603,
  8.629,
  1.399,
  9.952,
  2.535,
  10.169,
  3.207,
  10.491,
  4.161,
  10.839,
  4.189,
  9.41,
  5.367,
  9.682,
  6.396,
  10.236,
  8.552,
  10.561,
  10.848,
  10.475,
  12.195,
  10.233,
  13.68,
  9.939,
  -0.5,
  -0.866,
  0.061,
  -3.479,
  -0.713,
  -3.355,
  -1.39,
  -2.614,
  -1.827,
  -1.892,
  -1.738,
  -0.091,
  -0.462,
  2.376,
  1.455,
  3.79,
  2.474,
  4.653,
  4.279,
  6.111,
  4.6,
  6.57,
  6.132,
  7.308,
  6.83,
  7.857,
  9.017,
  9.337,
  11.895,
  1.041,
  6.655,
  -1.783,
  6.006,
  1.277,
  5.39,
  4.211,
  4.737,
  5.646,
  5.061,
  6.966,
  5.741,
  7.619,
  6.064,
  6.28,
  5.699,
  5.699,
  2.06,
  3.568,
  3.545,
  -0.625,
  3.545,
  -0.625,
  6.69,
  0,
  6.69,
  0,
  6.69,
  0,
  7.675,
  1.914,
  8.116,
  3.958,
  6.668,
  5.4,
  -2.068,
  5.387,
  -5.079,
  4.904,
  -1.433,
  7.372,
  -0.783,
  8.946,
  0,
  9.81,
  1.145,
  10.89,
  1.76,
  11.111,
  2.27,
  10.681,
  3.687,
  10.13,
  4.771,
  10.232,
  6.359,
  10.177,
  8.619,
  11.032,
  10.714,
  11.49,
  11.668,
  11.267,
  12.604,
  11.348,
  0.402,
  -2.538,
  -0.457,
  -2.884,
  -1.063,
  -2.504,
  -1.313,
  -2.021,
  -1.889,
  -0.962,
  -2.035,
  -0.142,
  -1.223,
  1.181,
  0.794,
  2.307,
  1.939,
  3.647,
  3.523,
  5.223,
  4.261,
  5.654,
  -0.318,
  0.318,
  -0.318,
  0.318,
  10.273,
  4.361,
  9.467,
  0.496,
  9.49,
  0,
  7.402,
  0.518,
  6.861,
  3.055,
  6.48,
  4.708,
  6.509,
  6.07,
  6.488,
  7.464,
  6.803,
  8.401,
  3.345,
  5.794,
  3.345,
  5.794,
  3.156,
  2.648,
  1.784,
  -1.03,
  6.287,
  -2.288,
  6.287,
  -2.288,
  6.287,
  -2.288,
  6.168,
  1.424,
  8.386,
  3.56,
  6.129,
  6.807,
  11.464,
  4.173,
  4.244,
  1.801,
  1.063,
  8.655,
  -2.266,
  7.902,
  -0.305,
  8.745,
  0.957,
  9.11,
  -0.144,
  8.229,
  0.276,
  7.915,
  2.431,
  8.478,
  4.052,
  9.546,
  4.421,
  9.93,
  1.231,
  3.383,
  1.231,
  3.383,
  1.231,
  3.383,
  10.694,
  11.468,
  0.905,
  -3.629,
  0,
  -2.91,
  -1.296,
  -1.851,
  -1.828,
  -1.013,
  -2.018,
  -0.503,
  -2.142,
  0.187,
  -1.411,
  0.688,
  -0.139,
  1.594,
  1.004,
  2.485,
  2.529,
  4.209,
  -0.318,
  0.318,
  -0.318,
  0.318,
  -0.318,
  0.318,
  6.728,
  2.449,
  6.647,
  1.053,
  6.66,
  0,
  7.206,
  0.885,
  6.537,
  2.641,
  5.955,
  4.17,
  6.473,
  5.828,
  6.411,
  6.875,
  5.725,
  7.88,
  3.345,
  5.794,
  6.287,
  2.288,
  6.287,
  2.288,
  4.451,
  2.57,
  4.451,
  2.57,
  6.287,
  -2.288,
  6.287,
  -2.288,
  1.647,
  -1.382,
  6.149,
  2.61,
  7.8,
  5.065,
  6.906,
  6.003,
  7.835,
  5.904,
  8.103,
  8.103,
  5.018,
  1.439,
  1.513,
  9.551,
  6.849,
  3.34,
  3.111,
  3.708,
  -2.769,
  5.435,
  1.204,
  8.566,
  -0.343,
  9.824,
  1.222,
  9.955,
  1.231,
  3.383,
  1.231,
  3.383,
  1.545,
  -2.676,
  1.65,
  2.112,
  0.29,
  -2.755,
  0.854,
  -2.98,
  1.168,
  -2.752,
  1.553,
  -2.485,
  2.466,
  -0.996,
  1.095,
  -1.686,
  0.874,
  0.371,
  -0.587,
  1.104,
  0.776,
  2.133,
  1.728,
  2.765,
  2.298,
  1.928,
  2.298,
  1.928,
  2.298,
  1.928,
  7.646,
  1.906,
  7.704,
  1.921,
  6.548,
  1.037,
  6.77,
  2.331,
  6.175,
  3.012,
  5.894,
  4.441,
  5.708,
  6.121,
  5.44,
  7.22,
  4.509,
  8.134,
  5.459,
  9.086,
  4.63,
  8.019,
  4.451,
  2.57,
  4.451,
  2.57,
  3.383,
  -1.231,
  3.383,
  -1.231,
  6.475,
  1.376,
  9.038,
  1.921,
  8.794,
  1.236,
  7.093,
  4.095,
  6.553,
  6.328,
  7.584,
  6.364,
  10.098,
  8.778,
  10.802,
  4.364,
  10.193,
  5.194,
  11.511,
  4.419,
  11.412,
  3.93,
  10.644,
  4.3,
  7.347,
  8.756,
  2.129,
  6.184,
  6.588,
  1.162,
  6.588,
  1.162,
  1.545,
  -2.676,
  1.545,
  -2.676,
  2.976,
  -3.547,
  0.546,
  -3.447,
  0.169,
  -3.226,
  -0.252,
  -2.879,
  -0.094,
  -2.698,
  0,
  -2.23,
  0.427,
  -2.423,
  1.205,
  -2.087,
  0.613,
  -1.203,
  1.024,
  0.108,
  1.844,
  1.441,
  2.298,
  1.928,
  2.298,
  1.928,
  2.298,
  1.928,
  5.063,
  2.149,
  5.394,
  1.963,
  5.162,
  2.298,
  5.737,
  3.725,
  5.207,
  3.924,
  4.849,
  5.021,
  4.652,
  6.173,
  4.245,
  7.353,
  3.753,
  8.048,
  4.63,
  8.019,
  4.63,
  8.019,
  4.63,
  8.019,
  3.383,
  -1.231,
  3.383,
  -1.231,
  4.962,
  5.914,
  4.962,
  5.914,
  8.377,
  2.885,
  9.131,
  5.061,
  8.737,
  4.074,
  7.889,
  4.555,
  8.028,
  5.621,
  9.116,
  5.92,
  10.583,
  5.866,
  7.091,
  1.25,
  7.091,
  1.25,
  13.363,
  7.715,
  2.314,
  2.758,
  2.314,
  2.758,
  10.895,
  7.629,
  6.588,
  1.162,
  6.588,
  1.162,
  2.531,
  0.446,
  2.976,
  -3.547,
  2.976,
  -3.547,
  0.295,
  -3.377,
  -0.183,
  -3.495,
  -0.455,
  -3.238,
  -0.477,
  -3.012,
  0.25,
  -2.035,
  -0.452,
  -1.958,
  -0.288,
  -2.05,
  -0.359,
  -0.77,
  0.606,
  -0.129,
  0.42,
  0.015,
  1.348,
  1.726,
  2.856,
  2.758,
  3.279,
  2.751,
  2.987,
  2.69,
  3.057,
  2.851,
  3.935,
  4.22,
  4.146,
  4.77,
  3.694,
  4.562,
  3.87,
  5.135,
  3.505,
  6.324,
  3.385,
  7.26,
  3.356,
  8.308,
  -1.608,
  9.119,
  4.63,
  8.019,
  4.63,
  8.019,
  3.948,
  3.084,
  6.766,
  2.463,
  6.766,
  2.463,
  5.29,
  6.305,
  5.29,
  6.305,
  9.899,
  5.715,
  10.243,
  6.155,
  11.031,
  5.62,
  11.319,
  5.039,
  11.554,
  3.978,
  9.803,
  5.66,
  9.803,
  5.66,
  7.091,
  1.25,
  13.363,
  7.715,
  2.314,
  2.758,
  2.314,
  2.758,
  1.584,
  -1.584,
  3.082,
  0.544,
  2.531,
  0.446,
  2.531,
  0.446,
  0.545,
  -4.437,
  0.545,
  -4.437,
  -1.007,
  -3.1,
  -1.441,
  -3.091,
  -1.736,
  -2.889,
  -2.282,
  -2.719,
  -2.211,
  -2.543,
  -2.635,
  -2.133,
  -2.078,
  -1.298,
  -1.56,
  -0.568,
  -1.638,
  -0.201,
  -0.9,
  2.471,
  -0.077,
  2.199,
  0.55,
  2.827,
  1.382,
  3.421,
  1.48,
  3.856,
  1.465,
  4.508,
  2.54,
  5.447,
  2.896,
  5.685,
  2.92,
  5.986,
  2.693,
  6.666,
  2.746,
  7.546,
  2.965,
  8.147,
  3.51,
  8.688,
  -1.608,
  9.119,
  -1.608,
  9.119,
  -1.608,
  9.119,
  4.1,
  5.248,
  6.766,
  2.463,
  6.766,
  2.463,
  5.29,
  6.305,
  5.29,
  6.305,
  8.264,
  4.394,
  9.948,
  6.71,
  10.364,
  5.745,
  8.461,
  4.885,
  8.461,
  4.885,
  9.803,
  5.66,
  9.803,
  5.66,
  5.794,
  3.345,
  5.794,
  3.345,
  2.314,
  2.758,
  9.119,
  -1.608,
  4.83,
  1.758,
  3.082,
  0.544,
  8.702,
  3.167,
  8.702,
  3.167,
  0.915,
  2.993,
  10.29,
  0,
  -1.7,
  -2.944,
  -2.113,
  -3.254,
  -2.293,
  -3.399,
  -2.395,
  -3.179,
  -2.765,
  -2.765,
  -2.827,
  -2.13,
  -2.587,
  -1.745,
  -2.539,
  -1.294,
  -2.34,
  -0.852,
  -2.297,
  0.241,
  -2.228,
  0.946,
  -1.04,
  1.432,
  -0.367,
  2.988,
  0.14,
  4.008,
  0.436,
  4.981,
  1.455,
  6.304,
  1.786,
  6.229,
  2.452,
  6.738,
  2.048,
  7.142,
  2.627,
  7.63,
  2.707,
  8.331,
  2.979,
  8.651,
  -1.608,
  9.119,
  -1.608,
  9.119,
  5.278,
  7.004,
  5.217,
  6.443,
  9.791,
  7.378,
  2.737,
  2.834,
  4.628,
  5.516,
  4.628,
  5.516,
  4.628,
  5.516,
  8.396,
  4.654,
  7.254,
  2.64,
  8.461,
  4.885,
  8.461,
  4.885,
  8.461,
  4.885,
  8.461,
  4.885,
  5.794,
  3.345,
  8.75,
  0,
  4.885,
  8.461,
  11.148,
  1.966,
  7.091,
  -1.25,
  7.091,
  -1.25,
  4.451,
  2.57,
  4.451,
  2.57,
  0.915,
  2.993,
  10.8,
  0,
  -2.377,
  -2.216,
  -2.701,
  -2.701,
  -2.744,
  -2.841,
  -2.906,
  -2.806,
  -3.326,
  -2.693,
  -3.131,
  -2.275,
  -3.117,
  -2.103,
  -3.155,
  -1.539,
  -3.063,
  -1.055,
  -2.746,
  -0.685,
  -2.6,
  -0.227,
  -2.481,
  0.903,
  -1.669,
  2.298,
  -1.039,
  3.624,
  -0.087,
  4.959,
  0.394,
  5.636,
  1.354,
  6.368,
  1.856,
  6.926,
  1.725,
  7.473,
  2.003,
  8.034,
  2.453,
  8.555,
  1.892,
  8.901,
  3.065,
  9.434,
  -0.879,
  2.415,
  7.035,
  9.336,
  7.597,
  8.74,
  7.207,
  8.004,
  11.245,
  8.474,
  4.628,
  5.516,
  4.628,
  5.516,
  5.343,
  3.085,
  5.343,
  3.085,
  8.273,
  6.942,
  8.222,
  2.993,
  5.062,
  -0.893,
  5.574,
  0.983,
  5.574,
  0.983,
  8.75,
  0,
  8.75,
  0,
  4.885,
  8.461,
  4.885,
  8.461,
  5.4,
  9.353,
  5.4,
  9.353,
  4.451,
  2.57,
  4.451,
  2.57,
  10.772,
  7.543,
  12.53,
  8.137,
  -3.032,
  -1.225,
  -3.179,
  -2.064,
  -3.285,
  -2.386,
  -3.365,
  -2.629,
  -3.495,
  -2.539,
  -3.374,
  -2.276,
  -3.778,
  -1.925,
  -3.928,
  -1.916,
  -3.586,
  -1.028,
  -2.905,
  -0.512,
  -3.116,
  -0.163,
  -3.622,
  0.704,
  -2.909,
  1.818,
  -2.222,
  3.058,
  -1.295,
  4.236,
  -0.58,
  5.52,
  0.216,
  6.176,
  0.939,
  6.684,
  1.172,
  7.398,
  1.398,
  7.928,
  1.373,
  8.672,
  1.439,
  9.087,
  -0.879,
  2.415,
  -0.879,
  2.415,
  -0.879,
  2.415,
  7.27,
  9.648,
  8.089,
  9.306,
  8.116,
  8.703,
  11.363,
  8.878,
  7.826,
  6.803,
  5.343,
  3.085,
  5.343,
  3.085,
  8.273,
  6.942,
  4.01,
  2.315,
  4.01,
  2.315,
  5.574,
  0.983,
  5.574,
  0.983,
  1.584,
  4.351,
  1.584,
  4.351,
  6.829,
  -0.838,
  5.4,
  9.353,
  5.4,
  9.353,
  5.4,
  9.353,
  9.563,
  6.948,
  9.886,
  4.196,
  5.802,
  -0.304,
  9.033,
  4.803,
  -3.427,
  -0.3,
  -3.652,
  -1.187,
  -3.647,
  -1.939,
  -3.532,
  -2.382,
  -3.399,
  -2.293,
  -3.673,
  -2.036,
  -3.724,
  -1.898,
  -4.069,
  -1.727,
  -4.014,
  -1.541,
  -3.701,
  -0.719,
  -3.651,
  -0.255,
  -3.815,
  0.334,
  -3.761,
  1.754,
  -3.311,
  2.681,
  -2.752,
  3.522,
  -1.854,
  4.59,
  -1.139,
  5.36,
  -0.313,
  5.972,
  0,
  7.08,
  0.42,
  8.009,
  0.302,
  8.635,
  0.977,
  9.299,
  2.065,
  10.621,
  -0.879,
  2.415,
  2.288,
  11.77,
  5.218,
  11.721,
  5.737,
  10.79,
  2.815,
  7.734,
  2.815,
  7.734,
  4.628,
  5.516,
  4.628,
  5.516,
  5.798,
  2.11,
  3.872,
  1.409,
  3.99,
  -0.49,
  4.01,
  2.315,
  5.895,
  10.21,
  4.279,
  3.343,
  1.584,
  4.351,
  1.584,
  4.351,
  7.461,
  6.041,
  -0.664,
  7.591,
  5.06,
  11.365,
  8.263,
  10.204,
  8.551,
  8.855,
  7.675,
  6.672,
  7.929,
  6.653,
  8.455,
  5.283,
  -3.959,
  -0.069,
  -4.434,
  -1.106,
  -4.247,
  -1.716,
  -4.108,
  -1.577,
  -3.715,
  -1.893,
  -3.952,
  -1.843,
  -4.182,
  -1.605,
  -4.318,
  -1.077,
  -0.318,
  0.318,
  -0.318,
  0.318,
  -0.318,
  0.318,
  0.629,
  -0.629,
  0.629,
  -0.629,
  -4.062,
  2.74,
  -3.568,
  3.446,
  -3.269,
  4.184,
  -2.634,
  4.953,
  -1.882,
  5.792,
  -1.2,
  6.805,
  -0.279,
  7.985,
  -0.288,
  8.245,
  0.642,
  9.178,
  2.019,
  10.386,
  4.818,
  10.332,
  1.377,
  8.692,
  2.84,
  11.391,
  3.853,
  11.86,
  2.815,
  7.734,
  2.815,
  7.734,
  4.628,
  5.516,
  4.628,
  5.516,
  3.872,
  1.409,
  3.872,
  1.409,
  7.091,
  1.25,
  2.851,
  6.404,
  5.776,
  12.972,
  9.807,
  10.517,
  8.537,
  8.841,
  9.812,
  9.475,
  10.234,
  7.435,
  7.955,
  4.971,
  5.554,
  3.337,
  6.791,
  6.558,
  8.17,
  9.074,
  8.06,
  7.007,
  6.755,
  6.082,
  8.881,
  6.692,
  -2.114,
  0.77,
  -4.328,
  -0.531,
  -4.409,
  -1.872,
  -3.901,
  -1.737,
  -4.924,
  -0.868,
  -4.924,
  -0.868,
  -4.506,
  -0.876,
  -4.698,
  1.71,
  -4.698,
  1.71,
  -0.318,
  0.318,
  -0.348,
  0.819,
  -4.164,
  0.364,
  0.629,
  -0.629,
  0.629,
  -0.629,
  -4.305,
  3.612,
  -4.078,
  4.373,
  -3.832,
  5.275,
  -3.53,
  6.114,
  -2.738,
  7.133,
  -1.981,
  7.947,
  -1.059,
  8.625,
  -0.17,
  9.719,
  0.369,
  10.574,
  2.424,
  11.405,
  0.931,
  8.861,
  0.991,
  11.327,
  1.896,
  11.971,
  3.118,
  12.507,
  2.509,
  11.806,
  3.812,
  13.294,
  2.824,
  10.538,
  1.341,
  7.603,
  1.341,
  7.603,
  7.091,
  1.25,
  7.091,
  1.25,
  3.082,
  12.362,
  5.593,
  13.843,
  7.967,
  11.378,
  8.379,
  10.725,
  9.044,
  8.143,
  9.566,
  7.474,
  6.759,
  6.999,
  4.367,
  6.011,
  3.959,
  7.77,
  5.566,
  7.124,
  6.861,
  7.357,
  7.69,
  7.426,
  -0.364,
  2.301,
  -1.08,
  0.21,
  -1.526,
  0.107,
  -3.782,
  -0.667,
  -4.924,
  -0.868,
  -4.924,
  -0.868,
  -4.579,
  0.08,
  -4.698,
  1.71,
  -4.698,
  1.71,
  0,
  -0.89,
  0,
  -0.89,
  -4.025,
  0.782,
  0,
  4,
  0,
  4,
  -2.394,
  6.578,
  -4.647,
  5.539,
  -4.417,
  6.307,
  -4.208,
  7.003,
  -3.711,
  7.957,
  -2.837,
  8.731,
  -2.354,
  9.441,
  -1.646,
  10.39,
  -0.776,
  11.093,
  1.399,
  11.394,
  -0.519,
  9.896,
  -0.403,
  11.553,
  -0.208,
  11.918,
  1.116,
  12.761,
  0.897,
  12.829,
  2.264,
  14.292,
  1.562,
  12.724,
  1.341,
  7.603,
  1.341,
  7.603,
  7.091,
  1.25,
  7.091,
  1.25,
  1.175,
  11.178,
  3.481,
  12.141,
  6.666,
  12.026,
  8.647,
  10.678,
  7.919,
  8.2,
  8.21,
  8.21,
  8.747,
  8.157,
  8.542,
  6.674,
  9.012,
  6.078,
  8.725,
  7.856,
  8.112,
  6.807,
  9.62,
  6.247,
  -0.332,
  0.512,
  -0.185,
  -0.571,
  -0.254,
  0.598,
  -0.938,
  1.118,
  -2.755,
  3.17,
  -2.823,
  1.257,
  -3.71,
  1.064,
  -4.192,
  1.123,
  -5.097,
  0.178,
  0,
  -0.89,
  0,
  -0.89,
  -2.639,
  0.807,
  0,
  4,
  0,
  4,
  -2.394,
  6.578,
  -2.394,
  6.578,
  -4.808,
  6.618,
  -4.744,
  7.305,
  -4.09,
  8.028,
  -3.775,
  8.478,
  -3.21,
  9.323,
  -2.728,
  10.181,
  -1.952,
  11.069,
  -2.417,
  9.022,
  -2.053,
  10.562,
  -1.197,
  11.387,
  -1.271,
  12.093,
  -0.221,
  12.688,
  0,
  13.19,
  1.237,
  14.136,
  1.877,
  13.359,
  4.628,
  5.516,
  4.628,
  5.516,
  4.628,
  5.516,
  5.47,
  6.519,
  3.524,
  8.303,
  2.518,
  7.751,
  4.476,
  9.598,
  5.575,
  10.058,
  6.826,
  9.748,
  6.524,
  8.657,
  7.948,
  7.948,
  9.007,
  8.11,
  9.064,
  9.72,
  6.59,
  9.412,
  6.431,
  9.534,
  14.53,
  -0.761
]