[
  1.423,
  -4.132,
  2.23,
  -4.194,
  1.577,
  -4.108,
  -0.138,
  -3.948,
  0.424,
  -4.842,
  2.328,
  -3.204,
  0.076,
  -0.615,
  0.609,
  -0.032,
  0.57,
  -0.532,
  0.63,
  -0.229,
  0.302,
  -1.213,
  2.62,
  -0.462,
  2.222,
  -1.443,
  1.777,
  -1.491,
  2.252,
  -1.3,
  2.197,
  -0.888,
  2.223,
  -0.273,
  2.347,
  -0.247,
  2.211,
  -0.634,
  2.409,
  -0.925,
  1.532,
  1.286,
  1.532,
  1.286,
  1.532,
  1.286,
  1.532,
  1.286,
  3.27,
  -0.577,
  1.362,
  -0.365,
  2.405,
  0.644,
  0.116,
  -0.435,
  0.211,
  -0.453,
  0.885,
  1.174,
  1.617,
  1.09,
  2.673,
  2.243,
  0.615,
  1.065,
  -1.379,
  -0.448,
  -0.695,
  3.939,
  0.869,
  0.783,
  1.176,
  1.883,
  1.515,
  0.772,
  2.704,
  1.204,
  5.347,
  1.946,
  4.341,
  2.024,
  4.589,
  2.338,
  10.277,
  4.576,
  9.98,
  6.481,
  9.951,
  7.499,
  8.859,
  7.174,
  8.093,
  6.323,
  0.709,
  -2.843,
  0.34,
  -4.858,
  1.48,
  -6.964,
  0.768,
  -4.353,
  0.061,
  -3.499,
  2.819,
  -1.026,
  1.309,
  -1.616,
  0.692,
  -0.198,
  1.398,
  -0.454,
  1.806,
  -1.744,
  0.993,
  -0.776,
  2,
  -0.035,
  2.803,
  -0.196,
  2.94,
  0.051,
  2.796,
  0.147,
  2.677,
  0.424,
  2.589,
  0.694,
  2.501,
  0.307,
  2.65,
  -0.612,
  2.47,
  -0.708,
  2.847,
  -1.036,
  1.532,
  1.286,
  1.532,
  1.286,
  3.07,
  -0.939,
  0.713,
  -0.363,
  2.277,
  -1.595,
  3.336,
  1.214,
  3.038,
  1.548,
  3.634,
  0.839,
  0.886,
  0.717,
  3.127,
  1.201,
  2.702,
  1.437,
  2.75,
  2.149,
  -0.695,
  3.939,
  -0.695,
  3.939,
  -0.695,
  3.939,
  -0.695,
  3.939,
  1.804,
  1.311,
  1.65,
  2.858,
  2.108,
  0.895,
  0.262,
  -1.487,
  6.879,
  3.063,
  8.134,
  5.696,
  9.328,
  6.777,
  9.67,
  6.28,
  10.644,
  5.9,
  9.962,
  5.522,
  0.812,
  -5.126,
  0.179,
  -5.127,
  0.814,
  -4.619,
  1.491,
  -4.877,
  1.739,
  -4.096,
  1.413,
  -0.751,
  2.178,
  -1.207,
  0.304,
  -1.315,
  -0.322,
  -1.516,
  2.448,
  -0.989,
  2.54,
  -1.914,
  2.647,
  -0.709,
  3.337,
  -0.469,
  3.762,
  0.462,
  3.489,
  1.201,
  2.866,
  1.1,
  2.828,
  1.029,
  2.361,
  1.309,
  2.373,
  -0.418,
  2.79,
  -1.484,
  3.414,
  -1.044,
  4.015,
  -0.351,
  3.801,
  0.266,
  3.91,
  -0.273,
  4.139,
  -0.072,
  3.549,
  -0.062,
  4.689,
  -0.082,
  4.759,
  -0.083,
  4.376,
  1.768,
  2.886,
  1.6,
  1.441,
  1.78,
  2.77,
  0.954,
  -0.516,
  -1.344,
  -0.695,
  3.939,
  -0.695,
  3.939,
  -0.695,
  3.939,
  0.351,
  1.806,
  1.966,
  2.036,
  0.706,
  -0.074,
  3.123,
  -2.269,
  5.699,
  -0.599,
  3.829,
  1.319,
  5.716,
  2.426,
  8.624,
  4.78,
  8.625,
  4.395,
  10.378,
  4.621,
  10.357,
  5.507,
  1.077,
  -5.067,
  0.623,
  -5.072,
  -0.135,
  -3.858,
  -0.204,
  -3.885,
  0.296,
  -2.412,
  1.795,
  -0.653,
  0.868,
  -1.111,
  0.846,
  -1.735,
  0.852,
  -2.007,
  1.598,
  -3.136,
  2.119,
  -2.194,
  2.898,
  -0.356,
  3.296,
  1.265,
  3.815,
  1.389,
  2.551,
  2.14,
  2.561,
  2.001,
  2.409,
  1.175,
  2.492,
  0.439,
  2.191,
  -0.466,
  3.294,
  -0.883,
  2.955,
  -0.574,
  2.53,
  0.221,
  3.465,
  0.182,
  3.995,
  -0.209,
  3.521,
  0.748,
  3.707,
  0.924,
  4.593,
  0.727,
  4.07,
  1.645,
  3.505,
  1.276,
  3.125,
  2.623,
  1.814,
  1.691,
  0.84,
  -0.966,
  -1.133,
  -0.528,
  -2.13,
  1.383,
  1.957,
  2.417,
  6.325,
  4.766,
  8.734,
  3.529,
  7.2,
  0.757,
  9.217,
  1.792,
  6.288,
  1.685,
  4.182,
  1.043,
  5.057,
  3.411,
  5.223,
  3.523,
  5.529,
  4.978,
  7.569,
  5.3,
  8.204,
  4.548,
  9.061,
  5.023,
  2.336,
  -6.418,
  3.03,
  -5.248,
  1.548,
  -4.033,
  0.781,
  -1.841,
  0.827,
  0.146,
  1.817,
  -0.734,
  0.975,
  -1.205,
  2.035,
  -1.272,
  -0.11,
  -1.576,
  0.221,
  -1.139,
  1.631,
  -0.171,
  2.074,
  0.255,
  1.422,
  2.675,
  2.275,
  2.121,
  2.191,
  1.265,
  1.081,
  1.95,
  0,
  1,
  0,
  1,
  0,
  1,
  3.178,
  -0.852,
  3.378,
  0.118,
  2.968,
  0.364,
  2.941,
  -1.071,
  3.58,
  -0.893,
  4.03,
  -0.282,
  3.432,
  -0.24,
  5.511,
  0.873,
  4.024,
  1.545,
  3.253,
  3.876,
  2.787,
  2.509,
  -0.679,
  -1.224,
  -1.06,
  -0.662,
  -1.873,
  0.757,
  0.322,
  3.686,
  0.936,
  4.402,
  3.002,
  3.577,
  7.43,
  4.29,
  9.235,
  4.306,
  10.008,
  3.842,
  9.346,
  3.776,
  7.526,
  4.522,
  6.937,
  4.335,
  6.146,
  3.693,
  6.385,
  3.539,
  7.002,
  3.415,
  6.979,
  3.254,
  7.566,
  3.057,
  1.523,
  -4.982,
  1.009,
  -2.772,
  0.644,
  -2.405,
  -0.328,
  -1.688,
  -0.135,
  -1.544,
  0.834,
  -0.337,
  1.116,
  -0.384,
  1.119,
  -1.043,
  0.638,
  -1.853,
  1.096,
  1.096,
  2.237,
  2.014,
  1.389,
  0.295,
  0.174,
  1.651,
  1.034,
  2.559,
  1.189,
  -0.659,
  1.205,
  0.562,
  0,
  1,
  0,
  1,
  0,
  1,
  2.554,
  0.179,
  2.816,
  -0.148,
  0.185,
  -0.952,
  1.997,
  -0.848,
  1.617,
  -0.72,
  3.396,
  -0.66,
  4.546,
  0.558,
  4.217,
  0.668,
  3.918,
  -0.412,
  5.1,
  2.06,
  -1.195,
  0.583,
  -0.392,
  -2.226,
  0.351,
  -1.52,
  -0.535,
  1.261,
  -1.626,
  1.181,
  0.252,
  3.601,
  2.968,
  4.749,
  5.646,
  5.265,
  7.887,
  4.928,
  8.691,
  4.239,
  9.365,
  3.784,
  9.454,
  4.013,
  9.383,
  4.577,
  9.38,
  4.374,
  8.925,
  3.974,
  8.864,
  3.581,
  8.767,
  2.514,
  9.101,
  2.269,
  0.592,
  -2.563,
  1.384,
  -0.899,
  0.63,
  -0.493,
  0.07,
  -1.338,
  -0.49,
  -0.849,
  0.77,
  0.027,
  1.565,
  0.333,
  2.372,
  -0.291,
  2.124,
  0.49,
  0.493,
  2.318,
  2.053,
  1.723,
  0.823,
  0.914,
  -0.417,
  1.555,
  0.558,
  2.416,
  -0.06,
  0.092,
  0.351,
  1.989,
  1.503,
  1.452,
  1.343,
  1.601,
  0.891,
  -0.125,
  0.194,
  -0.504,
  1.343,
  -0.36,
  1.326,
  -0.895,
  1.796,
  -0.349,
  1.929,
  1.159,
  3.766,
  1.224,
  3.027,
  1.412,
  2.933,
  2.053,
  2.471,
  2.001,
  3.018,
  2.533,
  0.586,
  0.072,
  0.182,
  -3.475,
  0.868,
  -1.78,
  1.787,
  -0.615,
  1.908,
  -0.694,
  0.85,
  -0.378,
  1.853,
  2.059,
  2.618,
  3.233,
  4.318,
  3.374,
  6.48,
  3.022,
  8.855,
  3.759,
  9.839,
  4.381,
  10.058,
  4.478,
  9.362,
  3.974,
  9.294,
  3.2,
  9.653,
  3.137,
  10.051,
  3.073,
  10.382,
  2.977,
  -0.205,
  -0.191,
  -3.479,
  -3.479,
  -3.479,
  -3.479,
  0,
  1,
  0,
  1,
  0.975,
  -0.102,
  -0.416,
  0.24,
  1.271,
  1.316,
  0.753,
  0.16,
  1.041,
  1.241,
  -0.282,
  2.685,
  -2.551,
  -2.14,
  -1.8,
  -1.082,
  -0.356,
  0.223,
  2.028,
  0.582,
  1.798,
  1.123,
  2.217,
  1.28,
  1.011,
  0.735,
  -0.339,
  -0.173,
  1.898,
  0.403,
  1.109,
  0.339,
  1.033,
  -0.482,
  0.527,
  -1.243,
  1.062,
  -1.635,
  2.988,
  -0.104,
  5.023,
  2.9,
  2.748,
  1.717,
  0.836,
  -0.929,
  0.865,
  -0.281,
  2.468,
  -1.425,
  2.626,
  -2.816,
  1.946,
  -2.678,
  2.409,
  -1.951,
  2.882,
  -1.344,
  3.721,
  -0.26,
  2.562,
  -1.249,
  1.085,
  -0.438,
  2.071,
  0.713,
  4.023,
  1.707,
  5.827,
  2.969,
  6.718,
  3.423,
  7.423,
  3.461,
  8.34,
  3.54,
  9.622,
  3.502,
  10.69,
  3.473,
  11.093,
  3.392,
  11.285,
  3.236,
  1.855,
  0.567,
  -3.479,
  -3.479,
  0,
  1,
  0,
  1,
  0,
  1,
  0,
  3.58,
  0,
  3.58,
  1.966,
  1.428,
  1.217,
  0.731,
  -2.237,
  -2.014,
  -3.18,
  -1.285,
  -4.852,
  -1.12,
  -3.391,
  0.783,
  -1.16,
  2.734,
  0.952,
  2.929,
  1.009,
  2.772,
  -0.468,
  0.108,
  0.408,
  1.917,
  1.203,
  2.361,
  1.017,
  0.216,
  0.399,
  -0.818,
  -0.16,
  0.753,
  0,
  1.07,
  1.842,
  -0.259,
  3.97,
  -0.278,
  4.376,
  -1.948,
  7.803,
  -4.505,
  12.361,
  -4.745,
  10.242,
  -1.622,
  8.939,
  -0.156,
  8.009,
  0.14,
  6.245,
  -0.437,
  5.072,
  -0.533,
  4.424,
  -0.232,
  4.652,
  0.737,
  4.04,
  0.859,
  3.471,
  1.619,
  2.985,
  2.169,
  0.805,
  2.807,
  2.355,
  4.079,
  4.12,
  4.91,
  5.302,
  4.944,
  6.666,
  4.843,
  7.768,
  4.485,
  8.772,
  3.724,
  9.541,
  3.663,
  10.259,
  3.532,
  -0.295,
  -2.402,
  -0.705,
  -2.168,
  0.107,
  -1.536,
  0,
  1,
  1.286,
  1.532,
  1.286,
  1.532,
  0,
  3.58,
  1.352,
  2.543,
  1.298,
  2.548,
  -2.931,
  0.412,
  -1.702,
  0.586,
  -1.877,
  2.237,
  -1.585,
  3.399,
  5.909,
  1.042,
  1.881,
  3.394,
  2.283,
  1.916,
  1.82,
  0.032,
  1.731,
  1.453,
  2.81,
  1.967,
  1.815,
  1.134,
  1.601,
  -0.168,
  3.386,
  -0.844,
  3.89,
  0,
  4.078,
  -0.429,
  5.609,
  0.491,
  7.46,
  -0.391,
  9.926,
  -1.572,
  12.497,
  -2.204,
  14.22,
  -1.999,
  11.578,
  0.202,
  10.701,
  1.125,
  9.625,
  2.046,
  8.587,
  2.301,
  8.189,
  2.042,
  7.612,
  2.327,
  6.759,
  2.731,
  6.219,
  3.169,
  6.269,
  2.661,
  6.432,
  2.469,
  6.283,
  2.412,
  6.203,
  2.762,
  6.05,
  3.083,
  6.755,
  3.591,
  7.674,
  3.417,
  8.551,
  3.112,
  7.811,
  3.478,
  7.695,
  3.588,
  -1.143,
  -2.567,
  -0.973,
  -1.62,
  -0.225,
  -1.158,
  -0.46,
  -1.417,
  1.286,
  1.532,
  1.286,
  1.532,
  1.286,
  1.532,
  3.474,
  -0.866,
  5.32,
  -1.228,
  4.447,
  -0.864,
  3.664,
  0.846,
  1.749,
  2.799,
  5.909,
  1.042,
  5.909,
  1.042,
  5.909,
  1.042,
  4.731,
  0.92,
  5.659,
  -0.099,
  5.902,
  0.309,
  6.263,
  1.104,
  5.579,
  0.488,
  4.689,
  -0.328,
  5.04,
  0,
  5.147,
  -0.36,
  4.535,
  -0.882,
  2.423,
  -2.888,
  2.841,
  -3.386,
  6.217,
  -2.899,
  10.085,
  -0.705,
  11.793,
  0.412,
  13.621,
  0.714,
  11.586,
  1.628,
  10.923,
  2.522,
  10.451,
  2.8,
  10.29,
  3.344,
  10.911,
  3.336,
  10.911,
  3.757,
  10.653,
  3.257,
  10.367,
  2.393,
  10.219,
  1.986,
  10.556,
  1.484,
  10.858,
  1.333,
  10.849,
  0.949,
  10.522,
  1.106,
  10.68,
  1.311,
  10.89,
  1.145,
  11.155,
  0.585,
  10.978,
  0.96,
  -0.684,
  -1.879,
  0.026,
  -1.5,
  0.402,
  -1.403,
  0.816,
  -0.661,
  0.883,
  -0.22,
  0.234,
  1.664,
  0.693,
  3.001,
  2.186,
  3.242,
  3.94,
  2.863,
  4.163,
  2.308,
  4.037,
  2.426,
  5.069,
  1.946,
  5.909,
  1.042,
  5.909,
  1.042,
  5.909,
  1.042,
  6.422,
  0.788,
  7.193,
  0.629,
  7.572,
  0.529,
  7.212,
  0.504,
  6.139,
  0.107,
  4.258,
  -0.983,
  3.631,
  0.254,
  4.069,
  0.071,
  4.098,
  -1.573,
  0.328,
  -0.391,
  0.328,
  -0.391,
  3.813,
  -0.951,
  8.617,
  -1.519,
  8.617,
  -1.519,
  10.432,
  1.281,
  9.779,
  1.724,
  9.15,
  2.281,
  9.087,
  3.307,
  9.716,
  2.97,
  10.41,
  3.585,
  10.357,
  3.365,
  10.958,
  3.142,
  11.896,
  2.966,
  11.941,
  1.891,
  11.875,
  1.248,
  12.061,
  0.843,
  11.36,
  0,
  11.16,
  0,
  10.73,
  0,
  10.883,
  0.38,
  11.015,
  0.577,
  11.606,
  1.015,
  -0.684,
  -1.879,
  0.115,
  -0.299,
  0.537,
  -0.796,
  0.506,
  -0.671,
  1.228,
  -0.064,
  1.825,
  0.89,
  2.34,
  1.763,
  1.762,
  4.151,
  1.666,
  4.576,
  1.471,
  2.887,
  3.564,
  0.955,
  4.757,
  -0.166,
  6.445,
  0.677,
  6.103,
  3.11,
  5.546,
  3.883,
  5.289,
  3.568,
  5.984,
  3.455,
  6.136,
  3.263,
  5.939,
  2.162,
  5.143,
  1.282,
  4.98,
  0,
  5.122,
  -0.538,
  4.06,
  -3.407,
  2.758,
  -2.314,
  0.328,
  -0.391,
  0.328,
  -0.391,
  8.617,
  -1.519,
  8.617,
  -1.519,
  8.617,
  -1.519,
  8.873,
  1.247,
  8.81,
  1.395,
  8.568,
  2.136,
  8.046,
  2.614,
  8.363,
  2.398,
  8.972,
  3.444,
  9.697,
  2.965,
  10.209,
  2.927,
  10.295,
  2.952,
  10.662,
  2.266,
  10.531,
  1.293,
  10.155,
  0.71,
  10.938,
  0.957,
  10.96,
  0,
  11.145,
  -0.584,
  11.433,
  -0.399,
  11.898,
  -0.208,
  10.763,
  -0.376,
  -1.631,
  -0.831,
  -0.67,
  -0.419,
  0.388,
  -0.282,
  0.791,
  -0.596,
  1.141,
  -0.14,
  1.788,
  0.283,
  2.582,
  0.789,
  2.241,
  0.86,
  1.87,
  0,
  1.568,
  -1.514,
  2.856,
  -0.504,
  3.854,
  0.819,
  4.525,
  1.828,
  1.082,
  4.038,
  2.142,
  3.175,
  2.943,
  3.905,
  2.82,
  2.921,
  3.816,
  1.779,
  4.772,
  1.459,
  5.053,
  0.265,
  4.814,
  -0.591,
  4.717,
  -0.832,
  2.315,
  -4.01,
  2.315,
  -4.01,
  2.676,
  -1.545,
  -0.99,
  -1.18,
  5.343,
  -3.085,
  5.343,
  -3.085,
  5.343,
  -3.085,
  5.846,
  0.718,
  6.09,
  0,
  6.822,
  0.717,
  7.189,
  2.616,
  7.882,
  1.248,
  8.898,
  2.218,
  8.71,
  3.344,
  8.662,
  2,
  9.077,
  1.929,
  9.109,
  2.441,
  9.529,
  2.2,
  9.944,
  1.933,
  10.18,
  1.431,
  10.42,
  0,
  2.57,
  0,
  2.57,
  0,
  2.57,
  0,
  13.797,
  -3.185,
  -1.202,
  -1.433,
  0.184,
  -1.307,
  0.134,
  -1.915,
  0.579,
  -2.019,
  1.359,
  -1.679,
  1.706,
  -0.945,
  1.825,
  -0.89,
  2.367,
  0.333,
  2.033,
  0.7,
  0.728,
  2.538,
  2.573,
  1.869,
  2.921,
  1.425,
  3.128,
  0.722,
  2.9,
  1.352,
  2.089,
  -2.49,
  3.188,
  -2.871,
  5.026,
  -4.369,
  5.882,
  -2.258,
  6.43,
  -1.25,
  6.037,
  -0.634,
  4.873,
  -0.512,
  4.514,
  -1.38,
  2.315,
  -4.01,
  3.09,
  0,
  3.118,
  -1.8,
  3.09,
  0,
  0.442,
  -0.255,
  5.343,
  -3.085,
  5.343,
  -3.085,
  -0.311,
  2.531,
  2.98,
  0.854,
  4.51,
  0.795,
  5.827,
  3.099,
  5.796,
  -0.405,
  6.464,
  -0.679,
  6.723,
  1.801,
  7.551,
  1.605,
  7.542,
  1.741,
  8.512,
  2.766,
  9.157,
  2.454,
  9.494,
  1.674,
  9.299,
  1.307,
  9.607,
  0.503,
  2.57,
  0,
  2.57,
  0,
  0.358,
  -2.029,
  0.324,
  -0.313,
  -0.366,
  -2.604,
  -0.452,
  -2.854,
  -0.049,
  -2.82,
  0.048,
  -2.73,
  1.577,
  -1.371,
  -0.598,
  -2.086,
  0.958,
  -0.599,
  -1.132,
  -0.139,
  0.776,
  -0.194,
  1.026,
  0.861,
  1.5,
  -2.598,
  1.5,
  -2.598,
  1.5,
  -2.598,
  2.88,
  -3.432,
  3.996,
  -2.695,
  4.53,
  -2.209,
  5.7,
  -1.743,
  6.255,
  -1.444,
  6.196,
  -0.651,
  6.025,
  -0.421,
  4.808,
  -0.336,
  3.917,
  -0.761,
  3.432,
  -1.182,
  0.99,
  -1.18,
  3.09,
  0,
  0.442,
  -0.255,
  2.904,
  -1.057,
  2.904,
  -1.057,
  5.699,
  0.599,
  8.473,
  0.891,
  9.67,
  0,
  10.37,
  0.907,
  10.43,
  0.913,
  9.058,
  0.633,
  7.85,
  0,
  7.056,
  0.246,
  7.402,
  0.648,
  8.215,
  0.863,
  7.952,
  1.118,
  7.969,
  2.135,
  8.297,
  2.223,
  8.248,
  1.013,
  3.085,
  -5.343,
  3.085,
  -5.343,
  0.358,
  -2.029,
  0.358,
  -2.029,
  0,
  3.09,
  -0.505,
  -2.866,
  -0.538,
  -2.768,
  -0.479,
  -2.718,
  -0.203,
  -2.321,
  -0.04,
  -1.139,
  -0.373,
  -0.673,
  1.2,
  0,
  0.358,
  -0.531,
  0.4,
  -0.693,
  1.674,
  -0.512,
  1.5,
  -2.598,
  1.5,
  -2.598,
  1.5,
  -2.598,
  3.987,
  -3.228,
  4.153,
  -2.802,
  4.968,
  -2.754,
  5.698,
  -2.779,
  5.578,
  -2.368,
  5.583,
  -1.814,
  5.515,
  -1.478,
  4.745,
  -1.183,
  3.986,
  -1.53,
  0.99,
  -1.18,
  0.99,
  -1.18,
  0.99,
  -1.18,
  2.904,
  -1.057,
  2.904,
  -1.057,
  3.085,
  5.343,
  3.085,
  5.343,
  6.255,
  0.437,
  8.767,
  0.767,
  10.13,
  0,
  10.111,
  1.421,
  10.055,
  1.773,
  9.516,
  1.337,
  9.713,
  0.85,
  8.702,
  -3.167,
  8.702,
  -3.167,
  6.076,
  1.071,
  0,
  1.54,
  0,
  1.54,
  9.936,
  0.521,
  3.085,
  -5.343,
  3.085,
  -5.343,
  3.085,
  -5.343,
  0,
  3.09,
  0,
  3.09,
  -0.769,
  -2.682,
  -1.003,
  -2.912,
  -0.824,
  -2.697,
  -0.837,
  -2.577,
  -0.088,
  -2.508,
  -0.705,
  -1.936,
  0.094,
  -2.678,
  0.598,
  -2.397,
  1.588,
  -1.892,
  -0.056,
  -3.23,
  1.426,
  -3.919,
  2.376,
  -3.042,
  3.767,
  -2.943,
  4.251,
  -2.977,
  4.453,
  -2.892,
  5.092,
  -2.94,
  5.257,
  -2.679,
  4.98,
  -2.114,
  5.159,
  -1.878,
  5.221,
  -1.596,
  4.82,
  -1.292,
  3.707,
  -0.924,
  0.99,
  1.18,
  0.99,
  -1.18,
  0.99,
  -1.18,
  2.859,
  1.273,
  1.03,
  0,
  1.03,
  0,
  2.648,
  3.156,
  2.648,
  3.156,
  3.951,
  -0.555,
  6.352,
  -1.12,
  7.899,
  0.138,
  9.384,
  0.821,
  9.925,
  1.043,
  9.119,
  -1.608,
  9.119,
  -1.608,
  8.702,
  -3.167,
  6.076,
  1.071,
  0,
  1.54,
  0,
  1.54,
  0.81,
  -3.023,
  -0.895,
  1.55,
  2.22,
  1.334,
  2.484,
  1.377,
  2.842,
  0.399,
  1.767,
  -1.02,
  -0.893,
  -3.114,
  -0.973,
  -2.827,
  -1.058,
  -2.076,
  -1.236,
  -1.904,
  -1.222,
  -1.621,
  -0.879,
  -1.885,
  -0.267,
  -1.517,
  0.236,
  -1.491,
  0.456,
  -1.492,
  -0.74,
  -1.452,
  0.295,
  -1.101,
  1.052,
  -2.257,
  2.762,
  -2.962,
  3.735,
  -2.918,
  3.791,
  -2.462,
  4.108,
  -2.093,
  4.088,
  -1.488,
  4.303,
  -1.316,
  4.067,
  -1.09,
  4.172,
  -1.04,
  4.21,
  -1.207,
  3.039,
  -2.128,
  0.99,
  1.18,
  0.99,
  1.18,
  0.99,
  1.18,
  2.235,
  2.482,
  1.03,
  0,
  1.03,
  0,
  2.648,
  3.156,
  2.648,
  3.156,
  7.35,
  -0.772,
  7.266,
  -0.254,
  7.469,
  0.13,
  6.076,
  -1.071,
  6.076,
  -1.071,
  9.119,
  -1.608,
  9.119,
  -1.608,
  0.715,
  -4.057,
  0.715,
  -4.057,
  0,
  1.54,
  2.315,
  -4.01,
  0,
  -4.12,
  -0.895,
  1.55,
  2.288,
  6.287,
  2.288,
  6.287,
  2.789,
  1.421,
  10.134,
  -1.787,
  -0.632,
  -2.357,
  -1.434,
  -1.836,
  -1.568,
  -0.905,
  -1.686,
  -1.318,
  -1.966,
  -0.794,
  -1.941,
  -0.484,
  -1.763,
  0.154,
  -1.129,
  -0.159,
  -0.079,
  -1.127,
  -0.259,
  0.018,
  -4.37,
  1.59,
  -1.204,
  -2.704,
  1.078,
  -2.211,
  2.355,
  -2.439,
  2.906,
  -2.526,
  3.06,
  -1.839,
  3.149,
  -1.084,
  3.076,
  -0.882,
  3.313,
  -0.765,
  3.14,
  -0.667,
  3.189,
  -0.448,
  2.963,
  -0.469,
  0.99,
  1.18,
  0.99,
  1.18,
  3.167,
  1.153,
  5.062,
  0.622,
  7.002,
  -1.235,
  6.731,
  -0.353,
  4.057,
  0.715,
  4.057,
  0.715,
  4.057,
  0.715,
  7.839,
  0.411,
  6.766,
  2.463,
  6.076,
  -1.071,
  6.076,
  -1.071,
  1.231,
  -3.383,
  1.231,
  -3.383,
  0.715,
  -4.057,
  0.715,
  -4.057,
  -2.648,
  3.156,
  0,
  0.51,
  2.676,
  -1.545,
  2.676,
  -1.545,
  2.288,
  6.287,
  0,
  1.34,
  5.802,
  0.304,
  10.134,
  -1.787,
  -1.82,
  -1.885,
  -1.845,
  -1.198,
  -2.075,
  -0.634,
  -1.988,
  -0.459,
  -1.961,
  -0.753,
  -2.144,
  -0.263,
  -1.939,
  -0.068,
  -1.816,
  -0.127,
  -1.345,
  -0.31,
  -1.207,
  -0.324,
  0.059,
  -0.557,
  -2.605,
  -2.698,
  -0.439,
  -2.258,
  0.336,
  -2.124,
  0.985,
  -2.112,
  1.949,
  -1.883,
  2.044,
  -1.655,
  2.292,
  -1.727,
  2.331,
  -1.239,
  2.347,
  -0.996,
  1.858,
  -0.866,
  1.679,
  0.059,
  2.29,
  1.487,
  1.652,
  1.969,
  6.139,
  2.733,
  6.637,
  2.029,
  6.593,
  1.401,
  6.435,
  0.676,
  4.057,
  0.715,
  4.057,
  0.715,
  4.726,
  3.966,
  4.726,
  3.966,
  5.343,
  3.085,
  7.091,
  1.25,
  -1.071,
  -6.076,
  4.336,
  -3.638,
  4.336,
  -3.638,
  1.231,
  -3.383,
  5.062,
  0.893,
  -2.648,
  3.156,
  -2.648,
  3.156,
  4.336,
  3.638,
  4.336,
  3.638,
  0,
  1.34,
  0,
  1.34,
  5.073,
  0.266,
  9.481,
  4.025,
  -2.105,
  -0.604,
  -2.634,
  0.184,
  -2.183,
  0.346,
  -2.55,
  0.223,
  -2.7,
  0.331,
  -2.519,
  0.399,
  -2.884,
  -0.303,
  -1.181,
  -0.858,
  -1.914,
  -0.735,
  -1.645,
  -0.802,
  -1.213,
  -1.552,
  -3.703,
  -2.225,
  -1.675,
  -3.288,
  -1.215,
  -3.165,
  -0.409,
  -2.911,
  0.158,
  -2.264,
  0.315,
  -1.62,
  0.772,
  -1.144,
  1.316,
  -0.76,
  1.416,
  -0.63,
  1.345,
  0.31,
  0.834,
  1.389,
  1.652,
  1.969,
  1.652,
  1.969,
  1.652,
  1.969,
  4.983,
  3.755,
  5.055,
  2.802,
  5.426,
  2.416,
  5.572,
  2.251,
  -0.29,
  0.842,
  -0.29,
  0.842,
  4.726,
  3.966,
  5.343,
  3.085,
  -1.986,
  2.367,
  -1.986,
  2.367,
  4.336,
  -3.638,
  4.336,
  -3.638,
  1.231,
  -3.383,
  1.231,
  -3.383,
  -0.693,
  -2.266,
  4.336,
  3.638,
  4.336,
  3.638,
  4.336,
  3.638,
  5.616,
  0.393,
  2.477,
  0.13,
  4.605,
  0.647,
  5.264,
  0.834,
  -2.6,
  -0.227,
  -2.621,
  -0.509,
  -2.406,
  -0.6,
  -2.864,
  -0.301,
  -2.824,
  -0.297,
  -2.698,
  -0.094,
  -2.67,
  0.234,
  -3.198,
  -0.112,
  -2.468,
  -1.542,
  -2.148,
  -1.002,
  -1.827,
  -1.279,
  -2.714,
  -1.324,
  -3.563,
  -2.495,
  -2.906,
  -2.906,
  -2.185,
  -2.605,
  -1.539,
  -3.021,
  -0.747,
  -2.605,
  -0.409,
  -1.773,
  0.062,
  -0.888,
  0.405,
  -0.064,
  0.75,
  0.777,
  1.278,
  1.578,
  1.453,
  2.851,
  1.652,
  1.969,
  0.713,
  0.463,
  2.878,
  3.086,
  3.657,
  3.41,
  -3.043,
  -0.537,
  -3.043,
  -0.537,
  -0.625,
  3.545,
  -0.625,
  3.545,
  -0.537,
  -3.043,
  1.517,
  0.267,
  2.13,
  -0.692,
  -1.986,
  2.367,
  2.41,
  3.573,
  1.914,
  0.934,
  1.231,
  -3.383,
  1.231,
  -3.383,
  3.258,
  -1.732,
  2.103,
  -0.447,
  4.457,
  0.866,
  7.21,
  1.665,
  8.609,
  0.602,
  8.479,
  -0.593,
  8.365,
  -0.292,
  8.929,
  0.156,
  -2.663,
  0.764,
  -3.365,
  0.413,
  -2.71,
  -0.333,
  -3.068,
  -0.107,
  -2.52,
  -0.221,
  -2.879,
  -0.252,
  -2.317,
  -0.664,
  0,
  0.45,
  -2.959,
  -0.738,
  -1.992,
  -1.793,
  -2.891,
  -1.348,
  -1.493,
  -2.214,
  -4.539,
  -1.652,
  -4.723,
  -2.838,
  -3.087,
  -2.683,
  -2.965,
  -2.076,
  -1.963,
  -1.179,
  -1.488,
  -0.758,
  -1.221,
  -0.215,
  -0.267,
  0.136,
  0.341,
  1.368,
  1.285,
  1.979,
  1.755,
  2.091,
  2.223,
  2.384,
  1.487,
  1.539,
  1.036,
  2.847,
  1.742,
  3.276,
  -3.043,
  -0.537,
  -3.043,
  -0.537,
  -0.625,
  3.545,
  -0.625,
  3.545,
  1.517,
  0.267,
  1.517,
  0.267,
  -3.6,
  -6.235,
  -0.051,
  -0.588,
  3.453,
  1.537,
  6.892,
  0.724,
  6.319,
  -1.343,
  5.834,
  -1.563,
  5.897,
  -0.516,
  5.243,
  -0.275,
  4.14,
  0,
  4.393,
  0.384,
  5.367,
  0.754,
  6.152,
  0.322,
  7.149,
  -0.125,
  7.731,
  0.541,
  -2.562,
  0.882,
  -3.272,
  1.063,
  -2.778,
  -0.097,
  -2.057,
  -0.108,
  -2,
  0,
  -2,
  0,
  -2.104,
  0.333,
  -2,
  0,
  -2,
  0,
  -2.561,
  -2.001,
  -1.973,
  -1.486,
  -3.704,
  -0.587,
  -2.762,
  -2.401,
  -3.087,
  -2.59,
  -4.163,
  -1.682,
  -3.839,
  -1.551,
  -2.642,
  -2.14,
  -2.233,
  -1.622,
  -1.893,
  -0.615,
  -1.773,
  0.155,
  -0.374,
  0.191,
  -0.073,
  0.596,
  0.993,
  0.776,
  1.654,
  1.033,
  2.943,
  1.839,
  3.54,
  2.127,
  4.368,
  2.13,
  4.565,
  1.752,
  3.426,
  3.085,
  3.472,
  4.608,
  4.015,
  4.958,
  2.758,
  -2.314,
  2.758,
  -2.314,
  -3.6,
  -6.235,
  -3.6,
  -6.235,
  1.66,
  -0.671,
  3.783,
  0.532,
  5.207,
  0.364,
  5.799,
  -0.101,
  6.159,
  -0.108,
  6.869,
  -0.12,
  6.956,
  0.243,
  6.793,
  0.955,
  6.288,
  0.884,
  5.226,
  1.4,
  6.46,
  0,
  7.15,
  -0.375,
  -0.658,
  1.348,
  -1.172,
  0.65,
  -1.671,
  1.305,
  -2.094,
  0.976,
  -2,
  0,
  -2,
  0,
  -1.472,
  1.635,
  -2,
  0,
  -2,
  0,
  -0.671,
  -1.66,
  0,
  0.89,
  0,
  0.89,
  -2,
  -3.464,
  -0.318,
  -0.318,
  -2.298,
  -1.928,
  -3.737,
  -0.794,
  -3.65,
  -0.384,
  -3.04,
  0.053,
  -2.511,
  0.308,
  -2.646,
  1.348,
  -1.716,
  2.045,
  -0.577,
  1.503,
  0.081,
  1.538,
  0.701,
  2.159,
  2.084,
  2.158,
  2.167,
  2.244,
  1.948,
  2.241,
  1.259,
  2.701,
  1.497,
  3.526,
  2.515,
  4.356,
  3.181,
  4.898,
  2.758,
  -2.314,
  2.758,
  -2.314,
  -3.6,
  -6.235,
  -3.6,
  -6.235,
  0.665,
  -0.987,
  1.509,
  -0.433,
  2.929,
  -0.256,
  3.965,
  -0.208,
  4.898,
  -0.343,
  5.77,
  0,
  6.773,
  0.474,
  7.14,
  1.003,
  7.539,
  1.465,
  7.75,
  1.367,
  6.697,
  1.181,
  5.689,
  0.901,
  0.424,
  -0.424,
  -0.099,
  -0.622,
  0.542,
  -0.488,
  -1.624,
  0.142,
  -1.648,
  0.699,
  -1.466,
  0.881,
  -1.585,
  1.029,
  -1.677,
  1.089,
  -2.146,
  1.141,
  -0.671,
  -1.66,
  -0.671,
  -1.66,
  -2.284,
  -2.924,
  -2,
  -3.464,
  -2,
  -3.464,
  -2.298,
  -1.928,
  -2.298,
  -1.928,
  -3.997,
  -2.799,
  -3.475,
  -1.771,
  -2.917,
  -0.782,
  -2.45,
  0,
  -1.92,
  0.443,
  -1.615,
  0.62,
  -1.503,
  1.452,
  -0.76,
  1.882,
  0.212,
  1.727,
  0.424,
  1.48,
  0.182,
  2.082,
  0.394,
  3.206,
  0.813,
  3.825,
  1.753,
  4.339,
  2.756,
  5.183,
  4.01,
  2.315,
  4.01,
  2.315,
  4.01,
  2.315,
  3.236,
  -0.867,
  2.121,
  -1.035,
  0.938,
  -1.118,
  1.932,
  -0.942,
  2.781,
  -1.012,
  4.023,
  -1.707,
  5.43,
  -0.571,
  6.129,
  -0.107,
  6.047,
  1.066,
  6.617,
  1.65,
  7.19,
  1.793,
  6.744,
  1.311,
  6.714,
  0.469
]