
[
  1.197,
  -2.252,
  2.259,
  -3.349,
  1.815,
  -3.144,
  0.062,
  -3.549,
  0.845,
  -4.349,
  1.125,
  -1.949,
  -1.032,
  -0.67,
  0.441,
  -1.212,
  0.274,
  -1.951,
  0.455,
  -0.856,
  0.264,
  -1.669,
  0.588,
  -1.456,
  1.532,
  -1.48,
  1.391,
  -1.6,
  1.309,
  -1.404,
  0.945,
  -1.087,
  0.09,
  -0.512,
  -0.241,
  0.065,
  -0.326,
  0.946,
  -0.5,
  1.124,
  0,
  1,
  0,
  1,
  0,
  1,
  0,
  1,
  0.945,
  1.087,
  0.864,
  1.771,
  1.288,
  1.709,
  0,
  -1.68,
  -1.51,
  0.736,
  0.564,
  2.106,
  2.443,
  3.242,
  2.026,
  3.12,
  -1.8,
  -0.383,
  -1.522,
  -0.16,
  0,
  7,
  0.879,
  2.071,
  0.083,
  1.588,
  0.378,
  1.78,
  2.331,
  1.239,
  4.6,
  2.55,
  3.772,
  2.544,
  3.625,
  3.501,
  8.807,
  5.085,
  7.445,
  7.19,
  7.373,
  7.12,
  7.199,
  8.891,
  6.718,
  7.204,
  0.427,
  -1.49,
  0.677,
  -3.841,
  0.602,
  -4.903,
  0.464,
  -3.782,
  0.346,
  -3.292,
  2.075,
  -0.968,
  -0.743,
  -0.158,
  0.219,
  0.098,
  0.99,
  -0.017,
  -0.14,
  -1.604,
  0.274,
  -1.556,
  1.048,
  -0.943,
  1.391,
  -0.771,
  1.587,
  -0.609,
  1.218,
  -0.064,
  0.235,
  0.723,
  -0.574,
  1.353,
  -0.708,
  1.752,
  -1.169,
  1.733,
  -1.204,
  1.853,
  -1.286,
  1.479,
  0,
  1,
  0,
  1,
  0.062,
  1.789,
  0.124,
  1.012,
  0.637,
  1.5,
  3.058,
  2.222,
  1.541,
  0.718,
  0.615,
  0.984,
  0.083,
  2.379,
  1.143,
  2.828,
  1.454,
  2.624,
  1.262,
  2.973,
  0,
  7,
  0,
  7,
  0,
  7,
  0,
  7,
  0.623,
  2.172,
  1.376,
  2.7,
  2.75,
  1.341,
  0.924,
  0.957,
  5.12,
  10.498,
  4.607,
  9.446,
  5.713,
  9.142,
  5.176,
  8.615,
  6.243,
  7.709,
  7.135,
  8.503,
  0.069,
  -3.939,
  0.266,
  -3.801,
  0.849,
  -3.406,
  1.416,
  -3.505,
  1.91,
  -2.629,
  1.298,
  0.372,
  0.996,
  0.363,
  -0.874,
  -1.119,
  -0.948,
  -1.017,
  -0.325,
  -1.061,
  0.746,
  -1.065,
  1.247,
  -0.288,
  1.554,
  0.136,
  1.358,
  1.023,
  0.346,
  2.183,
  -0.523,
  2.69,
  -0.982,
  3.213,
  -1.428,
  3.207,
  -1.36,
  3.203,
  -2.223,
  2.073,
  -1.221,
  2.619,
  -0.791,
  2.759,
  0,
  2.65,
  -0.624,
  -0.144,
  0.958,
  1.141,
  1.47,
  0.749,
  1.332,
  1.04,
  1.037,
  1.872,
  2.187,
  2.039,
  -0.154,
  1.251,
  2.393,
  2.155,
  1.324,
  1.578,
  -0.155,
  2.215,
  0,
  7,
  0,
  7,
  0,
  7,
  -0.965,
  3.156,
  1.208,
  1.791,
  -0.564,
  0.649,
  -0.546,
  0.873,
  0.254,
  0.832,
  -1.104,
  7.853,
  0.28,
  8.015,
  2.133,
  10.036,
  3.31,
  6.225,
  4.911,
  8.86,
  4.059,
  8.323,
  0.043,
  -2.46,
  0,
  -3.52,
  -0.24,
  -2.74,
  -0.233,
  -2.218,
  0.494,
  -1.845,
  1.438,
  -1.083,
  0.956,
  -0.774,
  0.482,
  -1.578,
  0,
  -1.61,
  0,
  -1.35,
  0.237,
  -0.775,
  1.324,
  0.456,
  0.651,
  1.891,
  -0.521,
  2.68,
  -0.38,
  3.62,
  -1.214,
  3.527,
  -2.056,
  3.867,
  -1.475,
  4.283,
  -1.106,
  3.405,
  -1.756,
  2.603,
  -1.392,
  2.064,
  -0.889,
  2.907,
  0.092,
  1.758,
  1.269,
  0.991,
  -0.334,
  1.718,
  0.997,
  1.535,
  1.463,
  1.228,
  1.011,
  0.879,
  -0.204,
  1.658,
  1.012,
  2.384,
  1.911,
  3.594,
  1.725,
  3.873,
  -3.822,
  2.578,
  -4.429,
  9.949,
  0.876,
  12.529,
  3.676,
  10.675,
  1.783,
  7.151,
  -1.007,
  3.1,
  -3.808,
  3.084,
  -3.956,
  1.761,
  -4.906,
  3.186,
  -4.462,
  6.616,
  -3.265,
  8.505,
  -0.304,
  8.695,
  1.119,
  7.062,
  1.042,
  7.417,
  2.099,
  9.091,
  0.717,
  -4.067,
  1.559,
  -2.931,
  0.871,
  -2.682,
  -0.426,
  -1.003,
  0.795,
  0.716,
  0.16,
  -0.599,
  1.218,
  -0.281,
  0.834,
  -0.777,
  -1.149,
  -0.746,
  -0.512,
  0.589,
  -0.646,
  0.827,
  0.593,
  2.067,
  -0.758,
  3.897,
  -1.702,
  3.07,
  -1.066,
  3.98,
  -1.334,
  4.653,
  0,
  2,
  0,
  2,
  0,
  2,
  -1.421,
  1.693,
  -1.61,
  2.388,
  -0.386,
  2.44,
  0.129,
  2.467,
  0.11,
  1.255,
  -0.974,
  1.758,
  0.364,
  2.301,
  1.897,
  -0.099,
  -0.504,
  2.183,
  0.59,
  0.783,
  0.153,
  0.867,
  -2.5,
  -0.044,
  -6.874,
  6.189,
  -6.045,
  9.309,
  -3.401,
  11.862,
  0,
  12.6,
  2.422,
  11.395,
  2.547,
  8.329,
  0.841,
  5.981,
  0.557,
  4.536,
  -7.252,
  -0.507,
  -7.423,
  3.461,
  -6.487,
  6.049,
  -3.668,
  7.867,
  -1.311,
  6.744,
  -0.449,
  6.414,
  -0.509,
  7.282,
  1.962,
  7.869,
  0.602,
  -1.418,
  0.43,
  -0.091,
  0.83,
  -0.921,
  -0.958,
  -0.893,
  -0.5,
  0,
  -0.53,
  0.53,
  0.674,
  -0.894,
  -0.092,
  -1.748,
  -0.489,
  0.472,
  0.448,
  1.379,
  -0.566,
  1.4,
  -1.916,
  3.189,
  -0.938,
  4.063,
  -0.951,
  2.761,
  -2.561,
  5.025,
  -1.712,
  4.973,
  0,
  2,
  0,
  2,
  0,
  2,
  -1.135,
  1.966,
  -0.235,
  2.238,
  -0.689,
  2.121,
  0.408,
  1.917,
  -0.317,
  1.63,
  -0.426,
  1.111,
  1.034,
  0.868,
  0.48,
  -1.251,
  1.221,
  -0.35,
  1.086,
  -0.172,
  -1.83,
  0.032,
  -7.414,
  2.699,
  -6.187,
  6.187,
  -5.387,
  8.966,
  -3.169,
  10.366,
  -0.918,
  10.49,
  1.188,
  9.677,
  3.1,
  8.075,
  3.615,
  6.799,
  4.143,
  5.303,
  3.227,
  4.442,
  -3.673,
  2.477,
  -3.208,
  4.106,
  -2.817,
  4.689,
  -1.817,
  5.592,
  -0.837,
  5.284,
  -0.639,
  6.077,
  1.078,
  6.805,
  0.321,
  -1.649,
  0.074,
  -1.057,
  0.149,
  -1.703,
  -0.719,
  -1.474,
  -0.701,
  0.111,
  -0.762,
  0.44,
  0.361,
  -0.234,
  -0.909,
  -0.546,
  -1.127,
  1.736,
  -0.622,
  2.494,
  -1.109,
  2.744,
  -1.748,
  4.802,
  -1.276,
  4.762,
  -2.754,
  4.968,
  -2.289,
  5.665,
  -2.176,
  5.387,
  -1.555,
  3.848,
  0.308,
  2.511,
  0.727,
  2.714,
  0.098,
  2.798,
  -1.055,
  1.827,
  -0.044,
  2.52,
  -0.274,
  1.291,
  0.274,
  1.024,
  0.755,
  0.933,
  0.366,
  0.952,
  -1.15,
  0.265,
  1.128,
  0.41,
  -1.464,
  -1.273,
  -1.17,
  0.38,
  -7.293,
  4.557,
  -5.732,
  7.336,
  -5.135,
  8.546,
  -3.035,
  9.339,
  -1.46,
  9.215,
  0.153,
  8.759,
  2.03,
  8.141,
  3.358,
  6.885,
  3.861,
  5.946,
  3.791,
  5.415,
  3.044,
  5.066,
  -0.127,
  3.638,
  -0.956,
  4.141,
  -0.442,
  4.207,
  -0.392,
  4.483,
  -0.277,
  5.283,
  1.007,
  5.183,
  -0.83,
  0.131,
  -4.47,
  0,
  -4.47,
  0,
  -0.684,
  -1.879,
  -0.684,
  -1.879,
  1.011,
  -0.848,
  -0.298,
  0.037,
  -0.935,
  1.835,
  -0.905,
  2.787,
  -1.952,
  2.893,
  -1.623,
  4.229,
  -2.22,
  4.357,
  -2.953,
  6.632,
  -3.11,
  7.327,
  -3.182,
  6.824,
  -2.016,
  4.75,
  1.91,
  3.308,
  1.31,
  2.81,
  0.115,
  3.288,
  0.141,
  2.696,
  -1.981,
  3.726,
  -0.609,
  2.124,
  0.651,
  1.462,
  0.174,
  1.992,
  0.336,
  0.053,
  0.327,
  -1.31,
  -0.715,
  -1.145,
  -1.395,
  -1.662,
  -3.6,
  0.898,
  -6.952,
  4.177,
  -7.774,
  5.049,
  -7.026,
  8.083,
  -6.26,
  8.616,
  -4.218,
  9.045,
  -2.533,
  8.834,
  -1.488,
  8.44,
  -0.145,
  8.279,
  0.946,
  7.702,
  1.588,
  6.879,
  1.739,
  6.066,
  1.452,
  5.822,
  1.848,
  6.044,
  1.675,
  5.48,
  0.882,
  5.003,
  0.713,
  5.07,
  1.011,
  5.203,
  1.557,
  5.431,
  1.55,
  -0.027,
  0,
  1.34,
  0,
  1.34,
  -0.684,
  -1.879,
  -0.684,
  -1.879,
  -2.213,
  -2.213,
  -2.213,
  -2.213,
  -0.857,
  0.515,
  -0.848,
  0.791,
  -1.702,
  0.867,
  -4.315,
  5.726,
  -4.935,
  8.548,
  -4.385,
  9.848,
  -3.485,
  8.211,
  -1.944,
  7.254,
  0.715,
  4.514,
  0.433,
  3.08,
  0.963,
  4.529,
  0.358,
  5.118,
  -0.213,
  6.096,
  -0.513,
  1.052,
  -0.465,
  0.84,
  0.386,
  1.062,
  0.252,
  -0.123,
  -0.445,
  -1.37,
  -0.945,
  -1.637,
  -2.042,
  -0.397,
  -6.504,
  3.755,
  -6.896,
  3.514,
  -7.19,
  3.664,
  -7.803,
  4.505,
  -8.116,
  5.474,
  -7.176,
  7.431,
  -5.839,
  8.339,
  -4.634,
  8.715,
  -3.365,
  8.766,
  -2.561,
  8.377,
  -1.684,
  7.923,
  -1.465,
  7.539,
  -1.269,
  7.199,
  -0.729,
  6.932,
  0,
  6.89,
  0.661,
  6.285,
  1.434,
  5.351,
  1.81,
  4.715,
  2.96,
  5.809,
  3.273,
  6.424,
  -0.084,
  -2.419,
  -1.347,
  -1.663,
  0,
  1.34,
  0.318,
  -0.318,
  -3.759,
  -1.368,
  -3.759,
  -1.368,
  -2.213,
  -2.213,
  0.035,
  0.659,
  -3.76,
  1.916,
  -6.558,
  5.701,
  -6.151,
  9.119,
  -5.08,
  10.894,
  -4.405,
  12.103,
  3.857,
  4.596,
  0.718,
  5.11,
  -0.28,
  3.198,
  0.418,
  2.15,
  0.474,
  5.419,
  1.372,
  6.456,
  1.067,
  4.279,
  0.926,
  -0.163,
  -1.568,
  0.905,
  0.736,
  0.077,
  0.057,
  0.808,
  -1.75,
  0.184,
  -3.395,
  1.038,
  -4.495,
  2.096,
  -4.444,
  2.997,
  -6.328,
  3.086,
  -6.831,
  3.786,
  -7.565,
  4.194,
  -8.46,
  5.083,
  -8.228,
  5.978,
  -7.042,
  6.801,
  -6.423,
  7.389,
  -5.555,
  7.645,
  -4.78,
  7.649,
  -4.014,
  7.242,
  -3.428,
  7.029,
  -3.144,
  6.743,
  -2.559,
  6.666,
  -2.338,
  6.789,
  -0.648,
  7.402,
  -0.234,
  6.696,
  0.607,
  5.778,
  1.662,
  5.796,
  2.506,
  5.374,
  -3.322,
  0.232,
  -2.184,
  0.268,
  -2.355,
  -0.952,
  -2.93,
  -1.429,
  -3.759,
  -1.368,
  -3.759,
  -1.368,
  -3.759,
  -1.368,
  -6.005,
  0.951,
  -7.262,
  4.899,
  -6.515,
  7.494,
  -5.628,
  9.006,
  -4.843,
  10.386,
  3.857,
  4.596,
  3.857,
  4.596,
  3.857,
  4.596,
  0.079,
  4.499,
  0.1,
  5.709,
  -0.118,
  6.769,
  0.406,
  7.749,
  0.729,
  5.935,
  0.305,
  1.14,
  0.12,
  0.392,
  0.575,
  0.133,
  1.129,
  0.039,
  -0.259,
  0.343,
  -1.052,
  1.978,
  -1.348,
  1.726,
  -2.959,
  3.404,
  -3.381,
  4.029,
  -4.49,
  4.49,
  -3.969,
  4.566,
  -4.294,
  4.147,
  -4.82,
  4.654,
  -4.743,
  5.457,
  -4.411,
  5.854,
  -3.605,
  6.244,
  -2.374,
  6.521,
  -2.108,
  6.895,
  -1.536,
  7.229,
  -1.741,
  7.542,
  -1.663,
  7.825,
  -1.195,
  6.775,
  0.114,
  6.539,
  0.861,
  6.13,
  1.212,
  4.861,
  2.158,
  5.929,
  2.412,
  6.283,
  -1.286,
  1.532,
  -2.85,
  0,
  -3.55,
  -0.373,
  -4.278,
  -0.601,
  -5.457,
  -0.191,
  -5.965,
  0.732,
  -6.462,
  1.731,
  -6.77,
  3.752,
  -6.138,
  5.527,
  -5.646,
  7.226,
  -5.076,
  9.157,
  -3.62,
  10.514,
  3.857,
  4.596,
  3.857,
  4.596,
  3.857,
  4.596,
  0.092,
  5.249,
  -0.332,
  6.341,
  -0.232,
  6.636,
  0.261,
  7.465,
  0.568,
  6.495,
  0,
  1.41,
  0.363,
  1.455,
  0.674,
  1.216,
  0.67,
  1.16,
  0.617,
  -0.065,
  0.394,
  -0.742,
  0.611,
  0.108,
  -0.358,
  2.029,
  -0.358,
  2.029,
  -2.699,
  5.077,
  -3.115,
  5.395,
  -3.227,
  5.165,
  -3.255,
  5.417,
  -3.45,
  5.521,
  -3.178,
  6.237,
  -2.806,
  6.945,
  -2.137,
  6.991,
  -0.747,
  5.318,
  0.123,
  3.528,
  1.056,
  3.941,
  0.519,
  3.279,
  0.212,
  4.044,
  -0.911,
  4.284,
  -0.406,
  4.642,
  -0.87,
  4.476,
  -0.574,
  5.46,
  0.087,
  5.009,
  -1.286,
  1.532,
  -2.62,
  1.335,
  -3.556,
  0.821,
  -4.189,
  1.281,
  -4.829,
  1.476,
  -5.118,
  2.068,
  -5.215,
  3.259,
  -4.841,
  4.062,
  -4.424,
  5.463,
  -4.759,
  7.615,
  -3.872,
  8.697,
  -2.71,
  8.865,
  -1.052,
  7.486,
  -0.34,
  4.868,
  -0.23,
  4.394,
  0.36,
  5.147,
  -0.107,
  6.149,
  -0.458,
  6.554,
  -0.337,
  6.431,
  0.116,
  6.639,
  0.319,
  3.033,
  0.744,
  2.595,
  -0.223,
  2.55,
  0,
  2.06,
  0,
  2.06,
  0.27,
  -0.132,
  -0.358,
  2.029,
  -0.358,
  2.029,
  -0.358,
  2.029,
  -2.409,
  5.962,
  -3.353,
  5.58,
  -3.458,
  5.326,
  -3.198,
  5.323,
  -3.505,
  6.324,
  -2.434,
  5.735,
  -2.414,
  -0.169,
  -0.833,
  -1.283,
  -0.468,
  -0.721,
  -0.11,
  -0.225,
  -0.401,
  -0.085,
  0.34,
  1.046,
  1.303,
  1.397,
  1.235,
  2.139,
  2.415,
  3.449,
  3.047,
  3.631,
  3.687,
  4.241,
  2.024,
  4.768,
  -1.699,
  3.196,
  -2.368,
  2.725,
  -3.064,
  2.145,
  -3.952,
  1.843,
  -4.102,
  2.274,
  -3.84,
  2.307,
  -3.802,
  2.195,
  -3.402,
  2.564,
  -4.377,
  5.217,
  -3.796,
  6.317,
  -3.283,
  6.732,
  -1.242,
  4.636,
  0.695,
  4.385,
  1.178,
  3.854,
  1.512,
  3.94,
  1.035,
  4.871,
  0.299,
  5.712,
  0,
  6.36,
  -0.201,
  5.756,
  -0.105,
  6.029,
  1.705,
  5.575,
  2.016,
  4.323,
  1.324,
  1.578,
  1.324,
  1.578,
  0.352,
  0.968,
  0.352,
  0.968,
  0.717,
  0.623,
  -0.358,
  2.029,
  -0.358,
  2.029,
  0.115,
  6.609,
  -2.83,
  4.902,
  -2.297,
  4.71,
  -2.489,
  5.864,
  -1.673,
  4.86,
  -0.269,
  1.384,
  0.377,
  -0.264,
  -0.484,
  -1.087,
  -1.118,
  -0.407,
  -1.606,
  1.124,
  -2.079,
  1.511,
  -1.804,
  2.075,
  -1.057,
  2.266,
  -0.14,
  2.676,
  0.391,
  -0.328,
  0.391,
  -0.328,
  0.391,
  -0.328,
  2.807,
  1.43,
  -1.566,
  3.876,
  -2.343,
  3.474,
  -2.878,
  3.086,
  0,
  1.34,
  0,
  1.34,
  0,
  0.89,
  0,
  0.89,
  0,
  0.89,
  -3.092,
  4.415,
  -2.634,
  6.204,
  -0.853,
  3.693,
  0.124,
  3.548,
  0.117,
  3.358,
  0.568,
  4.04,
  -0.071,
  4.039,
  0.169,
  4.837,
  0.695,
  5.658,
  0.402,
  5.746,
  0.313,
  5.972,
  0.692,
  6.584,
  0.561,
  6.415,
  0.664,
  4.724,
  1.324,
  1.578,
  1.324,
  1.578,
  0.352,
  0.968,
  -1.014,
  -0.179,
  -1.014,
  -0.179,
  0.865,
  0.46,
  0.264,
  -0.766,
  1.233,
  7.783,
  -0.956,
  4.918,
  -1.635,
  4.492,
  -0.682,
  5.558,
  0.377,
  -1.514,
  -1.129,
  -1.553,
  -1.383,
  -1.12,
  -1.871,
  -1.08,
  -1.472,
  -0.286,
  -1.203,
  -0.3,
  -1.551,
  -0.163,
  -1.01,
  -1.162,
  -1.316,
  -1.028,
  -0.592,
  -0.148,
  0.391,
  -0.328,
  0.391,
  -0.328,
  0.968,
  -0.352,
  1.351,
  -0.78,
  -1.242,
  3.823,
  -2.109,
  3.805,
  -2.701,
  4.16,
  0,
  1.34,
  0,
  1.34,
  0,
  1.34,
  0,
  0.89,
  0,
  0.89,
  -0.913,
  3.956,
  0.469,
  4.465,
  1,
  1.732,
  1,
  1.732,
  1,
  1.732,
  -0.656,
  3.377,
  -0.488,
  5.579,
  -0.525,
  5.997,
  0,
  6.21,
  -0.11,
  6.319,
  0.113,
  6.489,
  1.247,
  5.869,
  0.882,
  5.003,
  -0.284,
  5.423,
  0.099,
  5.659,
  0.805,
  3.004,
  -1.014,
  -0.179,
  -1.014,
  -0.179,
  -1.014,
  -0.179,
  1.18,
  -0.99,
  1.097,
  0.378,
  -2.6,
  6.435,
  -1.082,
  5.566,
  -0.6,
  4.268,
  0.76,
  2.486,
  -1.781,
  -1.391,
  -1.895,
  -0.133,
  -2.551,
  -0.313,
  -3.408,
  0.119,
  -2.664,
  0.374,
  -3.332,
  0.769,
  -3.81,
  1.312,
  -3.131,
  1.736,
  -3.175,
  3.287,
  0,
  0.51,
  0,
  0.51,
  0.968,
  -0.352,
  0.968,
  -0.352,
  0.705,
  1.936,
  -1.147,
  4.279,
  -1.423,
  3.909,
  -2.222,
  3.422,
  -1.202,
  1.484,
  -2.542,
  0.634,
  -1.462,
  1.941,
  -2.412,
  1.627,
  -1.284,
  4.198,
  -0.887,
  5.032,
  0.385,
  4.403,
  1,
  1.732,
  1,
  1.732,
  1,
  1.732,
  -1.152,
  4.619,
  -1.221,
  6.282,
  -1.111,
  7.013,
  -0.847,
  6.898,
  -0.239,
  6.856,
  0.12,
  6.859,
  0.706,
  5.747,
  -0.106,
  6.089,
  -0.689,
  5.608,
  -0.479,
  4.555,
  1.767,
  1.962,
  0.202,
  1.274,
  -0.381,
  0.587,
  1.18,
  -0.99,
  1.18,
  -0.99,
  1.18,
  -0.99,
  -0.961,
  4.161,
  -0.182,
  5.217,
  -1.959,
  2.029,
  -2.852,
  0.401,
  -3.629,
  0.771,
  -4.105,
  1.1,
  -4.229,
  1.623,
  0,
  1.03,
  0,
  1.03,
  -0.358,
  -2.029,
  0.255,
  -0.442,
  0.255,
  -0.442,
  -0.953,
  -0.745,
  0,
  0.51,
  0,
  0.51,
  0,
  0.51,
  0.705,
  1.936,
  0.705,
  1.936,
  -1.037,
  4.881,
  -1.103,
  4.425,
  -0.909,
  2.796,
  -1.889,
  1.957,
  -2.035,
  0.432,
  -2.005,
  0.426,
  0.948,
  -0.948,
  0.948,
  -0.948,
  -1.242,
  3.823,
  -0.863,
  4.059,
  -2.096,
  3.489,
  -1.686,
  4.172,
  -2.596,
  4.32,
  -2.526,
  5.673,
  -1.566,
  5.844,
  -1.455,
  6.304,
  -1.356,
  6.378,
  -0.707,
  6.723,
  0.114,
  6.539,
  0,
  5.9,
  -0.097,
  5.559,
  1.39,
  3.622,
  0.446,
  2.531,
  0.446,
  2.531,
  0.154,
  1.763,
  1.026,
  0.892,
  -1.094,
  0.684,
  1.18,
  -0.99,
  0.179,
  1.014,
  0.179,
  1.014,
  -0.284,
  5.413,
  -4.394,
  1.956,
  -4.619,
  0.814,
  -4.605,
  0.484,
  -3.941,
  0.624,
  0,
  1.03,
  0,
  1.03,
  0,
  1.03,
  -0.358,
  -2.029,
  0.255,
  -0.442,
  0.255,
  -0.442,
  0.532,
  0.094,
  -0.504,
  -1.034,
  0.168,
  0.46,
  0.17,
  0.271,
  0.672,
  -0.584,
  0.672,
  -0.584,
  -1.198,
  4.803,
  -1.012,
  3.777,
  -1.137,
  2.438,
  -1.578,
  0.364,
  -2.761,
  -0.951,
  -4.154,
  0.218,
  0.948,
  -0.948,
  0.948,
  -0.948,
  0.948,
  -0.948,
  -3.877,
  4.787,
  -2.233,
  5.526,
  -2.739,
  4.942,
  -3.455,
  4.267,
  -2.492,
  4.892,
  -2.329,
  5.486,
  -1.745,
  5.709,
  -1.422,
  6.158,
  -0.903,
  6.427,
  -0.63,
  5.997,
  -0.524,
  5.987,
  -0.097,
  5.539,
  1.073,
  5.047,
  0.446,
  2.531,
  0.446,
  2.531,
  0.446,
  2.531,
  0.55,
  0.847,
  -0.68,
  1.131,
  0.179,
  1.014,
  0.179,
  1.014,
  0.179,
  1.014,
  3.745,
  3.492,
  2.248,
  1.048,
  1.605,
  1.605,
  -1.447,
  -0.527,
  -1.447,
  -0.527,
  0,
  1.03,
  0,
  1.03,
  0,
  0.51,
  0,
  0.51,
  0.255,
  -0.442,
  -2.676,
  1.545,
  -1.784,
  1.03,
  -0.265,
  -0.424,
  1.545,
  2.676,
  1.545,
  2.676,
  1.545,
  2.676,
  6.766,
  -2.463,
  -1.93,
  3.629,
  -1.403,
  3.152,
  -1.013,
  2.275,
  -2.243,
  0.275,
  -3.841,
  0.269,
  -4.226,
  0.898,
  0.948,
  -0.948,
  0.948,
  -0.948,
  -3.043,
  3.151,
  -3.552,
  4.547,
  -1.645,
  4.285,
  -2.416,
  4.02,
  -3.317,
  4.096,
  -3.664,
  4.366,
  -2.869,
  4.774,
  -2.314,
  5.198,
  -1.984,
  5.45,
  -1.637,
  5.355,
  -1.74,
  5.69,
  -1.103,
  5.674,
  -0.943,
  5.348,
  0.291,
  5.552,
  0.446,
  2.531,
  0.446,
  2.531,
  1.379,
  -0.048,
  -0.502,
  0.135,
  -0.109,
  1.556,
  0.746,
  1.404,
  1.03,
  1.784,
  1.03,
  1.784,
  1.03,
  1.784,
  4.434,
  0.232,
  -2.531,
  0.446,
  -1.447,
  -0.527,
  -1.447,
  -0.527,
  -0.77,
  -1.334,
  -0.77,
  -1.334,
  0,
  0.51,
  0,
  0.51,
  -1.758,
  4.83,
  -1.652,
  1.969,
  0,
  0.51,
  0,
  0.51,
  1.545,
  2.676,
  1.34,
  0,
  1.34,
  0,
  6.766,
  -2.463,
  -1.675,
  2.901,
  -1.59,
  2.544,
  -1.686,
  1.873,
  -2.172,
  1.155,
  -3.012,
  0.921,
  -3.404,
  0.724,
  -4.167,
  -0.146,
  -4.229,
  -0.074,
  -3.642,
  0.708,
  -2.945,
  2.14,
  -2.096,
  2.588,
  -1.689,
  3.315,
  -2.612,
  3.466,
  -2.438,
  3.615,
  -3.051,
  4.049,
  -2.402,
  4.925,
  -2.392,
  5.13,
  -1.982,
  5.163,
  -1.137,
  5.35,
  -1.588,
  5.537,
  -1.821,
  5.958,
  -1.071,
  6.076,
  -0.113,
  6.489,
  0,
  -1.03,
  2.042,
  2.916,
  1.589,
  3.119,
  1.497,
  3.526,
  1.829,
  4.308,
  1.03,
  1.784,
  1.03,
  1.784,
  1.652,
  1.969,
  1.652,
  1.969,
  0,
  0.51,
  -2.531,
  0.446,
  -1.652,
  1.969,
  -0.804,
  4.56,
  -0.804,
  4.56,
  0,
  1.03,
  0.358,
  2.029,
  -1.758,
  4.83,
  -1.758,
  4.83,
  -1.447,
  -0.527,
  -1.447,
  -0.527,
  1.34,
  0,
  1.34,
  0,
  3.188,
  3.668,
  5.763,
  1.873,
  -1.522,
  2.746,
  -1.89,
  2.252,
  -1.838,
  2.191,
  -1.708,
  1.433,
  -2.736,
  0.143,
  -1.961,
  0.562,
  -3.186,
  1.097,
  -5.383,
  1.749,
  -3.592,
  2.158,
  -2.699,
  2.034,
  -2.816,
  2.626,
  -2.557,
  3.519,
  -2.865,
  4.411,
  -2.72,
  4.711,
  -2.459,
  5.042,
  -2.477,
  5.563,
  -2.951,
  5.792,
  -2.087,
  6.061,
  -2.439,
  6.036,
  -2.38,
  6.199,
  -2.346,
  6.446,
  -2.237,
  6.496,
  0,
  -1.03,
  0,
  -1.03,
  0,
  -1.03,
  2.225,
  4.997,
  1.251,
  4.093,
  1.448,
  3.772,
  0.678,
  2.531,
  0.766,
  1.382,
  1.652,
  1.969,
  1.652,
  1.969,
  0,
  0.51,
  -1.652,
  1.969,
  -1.652,
  1.969,
  -0.804,
  4.56,
  -0.804,
  4.56,
  0,
  1.03,
  0,
  1.03,
  0.072,
  -0.686,
  -1.447,
  -0.527,
  -1.447,
  -0.527,
  -1.447,
  -0.527,
  6.287,
  -6.51,
  6.804,
  -5.127,
  7.063,
  -4.244,
  6.885,
  -3.975,
  -1.051,
  2.476,
  -1.647,
  1.894,
  -1.824,
  2.098,
  -2.56,
  0,
  -2.003,
  0.934,
  -1.78,
  1.441,
  -2.616,
  2.044,
  -3.901,
  0.973,
  -3.498,
  1.485,
  -3.282,
  2.051,
  -2.301,
  2.742,
  -2.51,
  3.33,
  -2.477,
  5.078,
  -2.387,
  5.624,
  -2.199,
  6.042,
  -2.321,
  5.468,
  -2.683,
  5.266,
  -2.105,
  5.211,
  -2.258,
  4.629,
  -2.615,
  4.918,
  -3.093,
  5.58,
  -2.22,
  6.448,
  0,
  7.3,
  0,
  -1.03,
  -2.236,
  5.826,
  -0.18,
  5.167,
  0,
  4.4,
  0,
  1.54,
  0,
  1.54,
  -1.057,
  2.904,
  -1.057,
  2.904,
  0.99,
  -1.18,
  2.367,
  1.986,
  1.716,
  1.44,
  -1.652,
  1.969,
  0.901,
  1.442,
  -0.396,
  -0.424,
  0,
  1.03,
  0,
  1.03,
  6.314,
  -2.551,
  7.09,
  -4.43,
  6.994,
  -5.664,
  6.569,
  -5.915,
  5.654,
  -5.46,
  5.481,
  -5.676,
  5.887,
  -5.117,
  5.902,
  -4.447,
  -1.898,
  1.052,
  -1.827,
  0.289,
  -1.82,
  -0.699,
  -2.331,
  1.239,
  -1.768,
  2.184,
  -2.171,
  2.681,
  -2.787,
  2.1,
  -0.45,
  0,
  -4.151,
  2.696,
  -3.05,
  2.844,
  -2.486,
  3.07,
  -1.368,
  2.804,
  -1.105,
  4.125,
  -1.61,
  6.008,
  -0.986,
  5.075,
  -0.583,
  4.744,
  -2.297,
  4.71,
  -2.422,
  4.556,
  -2.236,
  4.584,
  -1.734,
  4.764,
  -2.294,
  5.403,
  -1.258,
  5.918,
  0.336,
  6.411,
  -0.605,
  2.621,
  -3.841,
  4.266,
  -2.288,
  4.692,
  -1.854,
  3.802,
  0,
  1.54,
  0,
  1.54,
  -1.057,
  2.904,
  -1.057,
  2.904,
  2.367,
  1.986,
  2.367,
  1.986,
  -2.648,
  -3.156,
  2.083,
  -1.687,
  4.754,
  -0.584,
  5.733,
  -3.31,
  6.469,
  -4.875,
  5.314,
  -6.113,
  4.634,
  -6.619,
  5.149,
  -6.136,
  5.361,
  -5.748,
  4.52,
  -6.221,
  4.273,
  -5.882,
  4.494,
  -4.654,
  4.933,
  -4.14,
  4.928,
  -3.713,
  -3.002,
  1.95,
  -3.316,
  1.476,
  -1.213,
  0.258,
  -0.409,
  1.064,
  -0.347,
  1.97,
  -0.347,
  1.97,
  -2.183,
  1.832,
  0,
  1,
  0,
  1,
  -2.96,
  3.174,
  0,
  1.34,
  -1.934,
  3.796,
  -1.465,
  3.625,
  -0.728,
  4.126,
  -1.012,
  5.741,
  -0.962,
  5.456,
  -2.547,
  4.999,
  -2.972,
  4.946,
  -2.278,
  5.367,
  -2.248,
  5.563,
  -2.547,
  5.222,
  -2.204,
  5.192,
  -1.378,
  4.806,
  -1.021,
  4.095,
  -1.589,
  3.408,
  -1.688,
  3.791,
  -2.305,
  3.992,
  -2.51,
  3.33,
  -2.918,
  3.735,
  -1.205,
  3.709,
  1.466,
  -1.145,
  -0.267,
  -1.517,
  -0.267,
  -1.517,
  -2.648,
  -3.156,
  -2.648,
  -3.156,
  3.54,
  -6.131,
  3.96,
  -6.859,
  4,
  -6.928,
  3.203,
  -6.87,
  3.187,
  -6.534,
  3.452,
  -6.227,
  3.524,
  -5.64,
  2.573,
  -5.276,
  3.115,
  -4.797,
  3.607,
  -4.006,
  3.418,
  -3.932,
  3.94,
  -3.078,
  -0.927,
  2.547,
  -1.371,
  0.472,
  -0.921,
  0.129,
  -0.24,
  1.359,
  -0.347,
  1.97,
  -0.347,
  1.97,
  -0.738,
  1.094,
  0,
  1,
  0,
  1,
  1.266,
  -1.266,
  -1.928,
  2.298,
  -2.204,
  3.528,
  -2,
  3.464,
  -1.164,
  3.806,
  -2.052,
  5.638,
  -2.015,
  5.853,
  -3.333,
  5.334,
  -2.822,
  5.09,
  -2.06,
  5.1,
  -2.605,
  4.512,
  -3.202,
  4.249,
  -2.285,
  3.958,
  -1.663,
  4.117,
  -1.847,
  4.147,
  -2.3,
  3.984,
  -3.701,
  3.332,
  -4.2,
  3.281,
  -3.499,
  3.752,
  -2.766,
  4.427,
  -0.882,
  3.82,
  0.19,
  -2.172,
  -0.267,
  -1.517,
  -0.267,
  -1.517,
  -2.648,
  -3.156,
  -2.648,
  -3.156,
  1.662,
  -6.666,
  1.686,
  -6.763,
  1.856,
  -6.926,
  1.731,
  -6.462,
  1.909,
  -6.245,
  1.891,
  -5.82,
  1.439,
  -5.773,
  1.911,
  -4.501,
  1.949,
  -3.516,
  1.812,
  -2.9,
  2.341,
  -2.108,
  2.388,
  -1.324,
  -0.156,
  0.886,
  0.009,
  0.53,
  -1.273,
  1.23,
  0.068,
  1.298,
  -0.152,
  2.906,
  0.341,
  1.604,
  -0.877,
  1.35,
  -1.023,
  1.845,
  -0.633,
  1.95,
  1.266,
  -1.266,
  1.266,
  -1.266,
  -0.611,
  2.876,
  -2,
  3.464,
  -2,
  3.464,
  -2.052,
  5.638,
  -2.052,
  5.638,
  -3.442,
  4.568,
  -3.389,
  5.024,
  -2.152,
  4.833,
  -2.36,
  4.088,
  -3.333,
  3.834,
  -2.324,
  4.371,
  -1.667,
  4.841,
  -2.925,
  4.178,
  -3.737,
  3.485,
  -4.492,
  3.637,
  -4.483,
  4.181,
  -3.782,
  4.671,
  -3.349,
  3.991,
  -2.787,
  2.1,
  -2.739,
  -0.89,
  2.531,
  -0.446,
  2.531,
  -0.446,
  2.531,
  -0.446,
  -0.125,
  -7.139,
  -0.357,
  -6.821,
  0.22,
  -6.296,
  0,
  -6.48,
  -0.217,
  -6.206,
  0.977,
  -5.026,
  0.585,
  -4.764,
  0.33,
  -4.718,
  0.923,
  -4.343,
  1.289,
  -3.744,
  0.947,
  -2.751,
  1.295,
  -1.25,
  0.997,
  -0.465
]