
[
  5.9,
  -1.147,
  7.681,
  -0.537,
  5.129,
  -1.374,
  5.466,
  -1.262,
  6.1,
  -1.408,
  8.513,
  -0.895,
  6.229,
  2.024,
  5.172,
  1.289,
  6.71,
  1.426,
  2.666,
  0.14,
  3.879,
  0.408,
  4.134,
  0.362,
  3.719,
  -1.208,
  3.912,
  -1.048,
  3.852,
  -0.61,
  3.497,
  -0.937,
  3.19,
  -1.625,
  1.961,
  -1.646,
  2.207,
  -1.787,
  1.942,
  -2.234,
  1.286,
  1.532,
  1.286,
  1.532,
  1.286,
  1.532,
  1.286,
  1.532,
  1.723,
  -0.242,
  0.589,
  0.512,
  2.019,
  0.212,
  1.067,
  -1.524,
  2.086,
  -2.4,
  0.93,
  -3.041,
  1.272,
  -2.728,
  1.536,
  -2.365,
  0.019,
  1.07,
  -0.544,
  -3.437,
  -1.71,
  -4.698,
  -0.547,
  -1.683,
  -1.19,
  -1.98,
  -1.134,
  -2.047,
  -1.964,
  -1.896,
  -1.954,
  -1.269,
  -1.181,
  -0.957,
  -1.019,
  0.886,
  -2.942,
  -4.202,
  -3.979,
  -4.742,
  -3.356,
  -4.619,
  -3.304,
  -4.718,
  -5.935,
  -5.731,
  4.967,
  -0.965,
  4.814,
  -2.044,
  6.907,
  -2.514,
  8.759,
  -0.612,
  5.299,
  -0.092,
  9.32,
  1.144,
  7.186,
  -0.882,
  2.907,
  0.779,
  4.129,
  0.507,
  5.237,
  0.183,
  6.31,
  0,
  5.118,
  -0.358,
  4.766,
  -0.84,
  5.32,
  -0.465,
  3.842,
  -0.609,
  4.12,
  -0.579,
  3.375,
  -0.414,
  2.086,
  -0.843,
  1.687,
  -1.519,
  2.038,
  -1.323,
  1.872,
  -0.995,
  1.286,
  1.532,
  1.286,
  1.532,
  1.236,
  -0.331,
  1.079,
  0.526,
  1.392,
  -0.146,
  1.604,
  0.225,
  0.746,
  -0.99,
  0.453,
  -2.132,
  -0.303,
  -1.561,
  1.111,
  -1.711,
  0.61,
  -4.337,
  -0.088,
  -5.049,
  -1.71,
  -4.698,
  -1.71,
  -4.698,
  -1.71,
  -4.698,
  -1.71,
  -4.698,
  -1.932,
  -0.942,
  -1.179,
  -1.963,
  -0.01,
  -0.11,
  -0.869,
  1.391,
  -1.285,
  -2.226,
  -2.556,
  -5.24,
  -3.631,
  -6.043,
  -3.413,
  -5.461,
  -3.36,
  -5.175,
  -4.367,
  -5.393,
  4.552,
  -1.839,
  5.977,
  -1.49,
  6.799,
  -0.835,
  7.755,
  -0.271,
  6.588,
  -1.162,
  7.258,
  -2.081,
  11.77,
  0,
  10.319,
  1.45,
  7.891,
  0.969,
  10.452,
  1.283,
  7.18,
  0,
  6.252,
  -0.99,
  6.818,
  -1.449,
  7.1,
  -0.998,
  6.736,
  0.235,
  5.158,
  1.382,
  2.548,
  0.089,
  2.121,
  -0.689,
  2.153,
  -0.497,
  1.514,
  -1.412,
  1.845,
  -1.065,
  2.361,
  -0.207,
  1.541,
  0.531,
  2.572,
  -0.594,
  2.942,
  -1.31,
  1.517,
  -0.912,
  1.84,
  -1.15,
  2.703,
  -1.823,
  -0.289,
  -0.357,
  0.277,
  -0.342,
  1.04,
  0.018,
  -0.778,
  -0.431,
  -1.29,
  -0.158,
  -1.71,
  -4.698,
  -1.71,
  -4.698,
  -1.71,
  -4.698,
  -1.106,
  0.097,
  -1.807,
  0.587,
  -1.94,
  1.746,
  -2.583,
  5.07,
  -3.127,
  -0.956,
  -4.207,
  -4.207,
  -3.791,
  -5.218,
  -4.032,
  -5.759,
  -4.103,
  -5.647,
  -4.497,
  -4.994,
  -4.898,
  -4.258,
  3.829,
  -1.625,
  3.232,
  -0.988,
  5.952,
  0.312,
  5.34,
  0,
  5.304,
  0.84,
  7.546,
  2.746,
  5.798,
  0.918,
  3.81,
  -1.312,
  3.398,
  -1.304,
  3.556,
  -2.309,
  7.087,
  -1.378,
  7.113,
  -0.622,
  5.546,
  0.388,
  5.522,
  0.289,
  5.791,
  1.021,
  2.059,
  0.216,
  1.054,
  0.186,
  1.649,
  0.058,
  1.791,
  -0.913,
  1.351,
  -1.174,
  1.644,
  -0.911,
  1.27,
  -0.487,
  1.593,
  1.29,
  1.545,
  0.414,
  1.505,
  -0.212,
  1.36,
  0.785,
  1.694,
  0.299,
  1.378,
  0.072,
  -0.177,
  0.913,
  0.158,
  0.743,
  -0.24,
  0.416,
  0.881,
  0.572,
  -3.183,
  -6.525,
  -6.703,
  -6.036,
  -8.785,
  -4.671,
  -8.906,
  -2.056,
  -10.63,
  0,
  -9.536,
  2.734,
  -6.296,
  2.544,
  -4.192,
  -1.123,
  -4.466,
  -3.245,
  -4.454,
  -4.153,
  -4.758,
  -4.927,
  -4.583,
  -4.915,
  -4.55,
  -5.053,
  -4.812,
  -4.647,
  -4.566,
  -3.969,
  6.034,
  -1.845,
  5.739,
  -1.976,
  3.111,
  -3.111,
  7.116,
  -0.248,
  4.009,
  1.074,
  1.956,
  -0.416,
  2.137,
  -1.136,
  4.109,
  -2.669,
  3.465,
  -0.674,
  2.079,
  -1.511,
  5.36,
  0.658,
  3.583,
  0.696,
  2.04,
  -0.036,
  2.268,
  0.238,
  2.264,
  0.158,
  0.253,
  0.78,
  0.347,
  -1.97,
  0.347,
  -1.97,
  0.347,
  -1.97,
  1.654,
  -1.033,
  1.721,
  -0.526,
  1.185,
  0.104,
  1.253,
  0.132,
  1.285,
  -0.867,
  0.643,
  -0.74,
  0.864,
  0.106,
  3.287,
  -3.781,
  1.382,
  -0.53,
  0.667,
  0.243,
  -0.987,
  -0.921,
  0.104,
  1.185,
  2.153,
  -2.23,
  -2.073,
  -7.737,
  -4.433,
  -6.827,
  -4.417,
  -4.119,
  -5.054,
  -3.539,
  -4.9,
  -2.606,
  -5.283,
  -3.05,
  -4.319,
  -2.913,
  -4.153,
  -3.129,
  -4.618,
  -3.608,
  -4.734,
  -3.972,
  -4.081,
  -3.806,
  -4.335,
  -4.489,
  -4.647,
  -4.487,
  -4.987,
  -4.49,
  -4.589,
  -3.989,
  2.719,
  -2.626,
  5.22,
  -2.109,
  3.96,
  -0.486,
  2.763,
  0.74,
  1.929,
  0.203,
  1.197,
  0.084,
  0.399,
  0.895,
  3.724,
  1.898,
  2.227,
  -0.811,
  2.78,
  0.049,
  2.639,
  0.658,
  2.925,
  0.569,
  3.73,
  1.819,
  1.434,
  0.931,
  -0.11,
  -1.044,
  -0.705,
  1.045,
  0.347,
  -1.97,
  0.347,
  -1.97,
  0.347,
  -1.97,
  0.942,
  -0.27,
  1.111,
  0.426,
  1.224,
  0.52,
  0.716,
  0.768,
  0.53,
  0.703,
  0.803,
  -0.427,
  0.056,
  -0.106,
  0.116,
  -0.078,
  0.759,
  -0.572,
  0.927,
  -2.083,
  -0.295,
  -1.029,
  1.95,
  1.081,
  1.086,
  -8.844,
  -1.319,
  -8.326,
  -2.525,
  -6.249,
  -4.692,
  -5.032,
  -4.317,
  -4.629,
  -4.868,
  -4.232,
  -4.692,
  -3.409,
  -3.144,
  -3.036,
  -3.518,
  -3.28,
  -4.042,
  -3.158,
  -4.586,
  -3.583,
  -5.222,
  -4.229,
  -3.988,
  -4.429,
  -3.306,
  -4.232,
  -5.025,
  -4.217,
  -4.581,
  -3.844,
  0.606,
  1.093,
  4.028,
  0.423,
  1.586,
  0.111,
  1.428,
  -0.075,
  0.795,
  0.556,
  0.846,
  0.243,
  1.005,
  1.383,
  2.186,
  0.385,
  1.783,
  -0.314,
  2.397,
  -0.126,
  1.98,
  0.605,
  2.124,
  0.773,
  2.174,
  1.255,
  0.95,
  1.055,
  -0.026,
  0.74,
  -1.262,
  1.615,
  0.133,
  1.263,
  0.763,
  0.477,
  1.202,
  1.244,
  0.726,
  1.162,
  0.956,
  0.621,
  0.339,
  0.93,
  0.528,
  -0.046,
  -0.509,
  -0.565,
  0.979,
  -0.793,
  0.929,
  -1.278,
  -0.55,
  -1.798,
  -0.225,
  -2.138,
  1.281,
  -1.639,
  1.179,
  -2.418,
  2.66,
  -5.975,
  -0.724,
  -8.278,
  -1.271,
  -7.209,
  -1.506,
  -5.622,
  -4.675,
  -4.841,
  -4.376,
  -4.532,
  -4.834,
  -4.508,
  -3.869,
  -3.608,
  -2.813,
  -3.474,
  -3.035,
  -3.885,
  -3.081,
  -4.089,
  -4.474,
  -4.321,
  -4.755,
  -4.133,
  -4.511,
  -4.062,
  -3.747,
  -4.162,
  -3.497,
  -4.167,
  -4.711,
  -3.953,
  1.626,
  0.528,
  1.938,
  1.626,
  0,
  2,
  0,
  2,
  0,
  2,
  1.144,
  0.394,
  1.139,
  2.055,
  -0.024,
  1.38,
  2.023,
  1.364,
  2.827,
  0.973,
  2.1,
  1.262,
  2.018,
  1.261,
  0.938,
  1.158,
  -0.049,
  2.82,
  -1.23,
  1.23,
  -0.822,
  1.219,
  1.749,
  0.97,
  1.383,
  2.213,
  1.193,
  1.28,
  1.461,
  0.745,
  1.245,
  0.109,
  0.936,
  0.378,
  0.064,
  -1.228,
  0.233,
  -1.472,
  1.126,
  -0.849,
  -0.609,
  -0.975,
  0.316,
  -0.746,
  0.555,
  -0.128,
  1,
  1.036,
  1.797,
  0.481,
  -1.233,
  -6.992,
  -1.217,
  -6.263,
  -1.664,
  -6.211,
  -1.95,
  -6.001,
  -3.36,
  -5.377,
  -3.229,
  -4.612,
  -3.449,
  -4.259,
  -2.747,
  -3.924,
  -2.575,
  -4.122,
  -2.81,
  -4.328,
  -3.148,
  -4.667,
  -3.697,
  -5.089,
  -4.349,
  -5.37,
  -3.674,
  -5.056,
  -4.057,
  -5.193,
  -4.402,
  -5.064,
  -4.733,
  -4.571,
  4.201,
  -1.205,
  1.62,
  0.973,
  0,
  2,
  0,
  2,
  0,
  2,
  0.2,
  1.031,
  -0.244,
  1.541,
  0.544,
  2.358,
  2.076,
  2.755,
  1.57,
  1.365,
  1.657,
  0.844,
  1.38,
  2.596,
  -0.882,
  3.82,
  -0.805,
  3.488,
  -0.883,
  2.08,
  0.689,
  2.765,
  0.944,
  1.166,
  1.771,
  3.475,
  2.287,
  1.988,
  1.051,
  3.234,
  0.566,
  0.607,
  0.052,
  -0.193,
  -0.469,
  -0.78,
  0.371,
  -0.698,
  0.989,
  -0.321,
  0.124,
  0.464,
  0.415,
  0.719,
  0.448,
  2.541,
  1.244,
  -1.592,
  -1.959,
  -6.03,
  -2.199,
  -6.042,
  -2.394,
  -6.236,
  -2.632,
  -5.911,
  -2.192,
  -5.164,
  -2.225,
  -4.997,
  -2.61,
  -4.909,
  -2.079,
  -5.146,
  -2.734,
  -4.933,
  -3.332,
  -5.546,
  -4.334,
  -5.548,
  -4.384,
  -5.611,
  -4.718,
  -5.623,
  -4.1,
  -5.248,
  -4.419,
  -4.739,
  -4.453,
  -4.776,
  -4.392,
  -4.71,
  -4.625,
  -4.467,
  2.052,
  0.706,
  0.939,
  1.246,
  1.61,
  -1.046,
  1.679,
  0.419,
  1.696,
  2.714,
  2.251,
  2.987,
  2.346,
  3.35,
  1.699,
  2.098,
  2.735,
  2.462,
  3.604,
  1.758,
  0.317,
  2.258,
  -0.355,
  4.055,
  -1.351,
  4.71,
  2.298,
  1.928,
  1.474,
  2.772,
  1.634,
  3.208,
  2.371,
  4.277,
  1.741,
  3.734,
  2.066,
  5.676,
  3.355,
  3.598,
  0.881,
  0.739,
  -0.857,
  0.151,
  0.758,
  -0.053,
  0.691,
  -0.622,
  0.844,
  -0.164,
  1.438,
  -0.552,
  3.014,
  0.586,
  3.82,
  1.543,
  4.187,
  -1.952,
  0.6,
  -4.883,
  -2.437,
  -6.348,
  -1.69,
  -6.307,
  -1.329,
  -6.25,
  -1.187,
  -6.106,
  -1.882,
  -5.792,
  -3.713,
  -5.505,
  -2.792,
  -5.725,
  -3.539,
  -6.385,
  -4.679,
  -5.989,
  -5.592,
  -5.791,
  -5.508,
  -5.508,
  -5.588,
  -5.032,
  -5.032,
  -4.692,
  -5.09,
  -4.747,
  -5.469,
  -4.273,
  -5.223,
  -3.936,
  -4.9,
  -3.305,
  0.878,
  2.287,
  -0.477,
  0.936,
  0.345,
  -1.202,
  0.515,
  -0.857,
  1.726,
  1.917,
  2.282,
  2.128,
  4.443,
  3.728,
  1.937,
  3.223,
  4.096,
  3.819,
  3.648,
  5.21,
  2.193,
  4.304,
  -0.397,
  5.676,
  -0.82,
  5.833,
  2.298,
  1.928,
  2.298,
  1.928,
  3.55,
  5.071,
  4.185,
  5.168,
  1.732,
  5.03,
  1.051,
  5.958,
  1.191,
  4.443,
  0.335,
  2.73,
  -0.149,
  -0.306,
  0.343,
  -0.528,
  0.649,
  -0.721,
  0.783,
  -1.938,
  0.422,
  -0.829,
  1.791,
  1.613,
  4.138,
  2.586,
  4.389,
  0.077,
  2.49,
  -1.945,
  -2.044,
  -6.685,
  -1.836,
  -6.402,
  -1.175,
  -6.047,
  -1.714,
  -5.979,
  -1.809,
  -6.752,
  -3.45,
  -5.976,
  -4.891,
  -5.432,
  -5.039,
  -5.796,
  -5.574,
  -6.19,
  -6.025,
  -6.025,
  -6.357,
  -5.148,
  -6.517,
  -5.092,
  -6.351,
  -4.614,
  -6.165,
  -4.479,
  -6.077,
  -4.099,
  -5.939,
  -3.292,
  -5.239,
  -2.669,
  0,
  1,
  0.645,
  1.117,
  0.827,
  0.146,
  0.316,
  0.917,
  1.523,
  1.233,
  2.281,
  3.027,
  3.81,
  2.768,
  3.513,
  3.902,
  4.829,
  5.178,
  3.927,
  6.047,
  3.442,
  6.21,
  2.394,
  6.236,
  2.298,
  1.928,
  2.298,
  1.928,
  2.298,
  1.928,
  3.949,
  4.543,
  4.347,
  5.563,
  3.641,
  6.06,
  2.755,
  5.909,
  2.908,
  4.311,
  1.416,
  0.63,
  -0.071,
  -0.505,
  0.414,
  -0.637,
  0.286,
  -1.237,
  0.089,
  -0.502,
  0.089,
  -0.502,
  1.638,
  -1.147,
  0.328,
  0.391,
  0.328,
  0.391,
  2.529,
  -1.179,
  -1.378,
  -7.087,
  -1.96,
  -6.835,
  -1.735,
  -6.957,
  -1.954,
  -6.815,
  -2.76,
  -5.918,
  -3.615,
  -6.261,
  -5.515,
  -5.515,
  -6.802,
  -5.708,
  -6.51,
  -5.862,
  -6.129,
  -5.918,
  -6.517,
  -5.868,
  -7.372,
  -4.787,
  -7.022,
  -4.736,
  -6.324,
  -4.428,
  -5.501,
  -3.997,
  -4.712,
  -3.551,
  -4.613,
  -2.151,
  0,
  1,
  2.289,
  -0.08,
  0.743,
  0.77,
  1.133,
  0.823,
  0.605,
  1.98,
  1.733,
  2.57,
  1.997,
  3.603,
  3.254,
  4.018,
  3.669,
  3.935,
  4.999,
  4.828,
  4.244,
  6.292,
  4.726,
  5.068,
  4.957,
  3.873,
  4.186,
  4.186,
  3.419,
  4.882,
  3.674,
  5.447,
  3.845,
  6.66,
  4.728,
  6.052,
  2.891,
  6.199,
  2.755,
  4.772,
  1.486,
  1.247,
  0.267,
  -0.038,
  0.182,
  -0.789,
  -1.936,
  -0.705,
  0.089,
  -0.502,
  0.089,
  -0.502,
  0.328,
  0.391,
  0.328,
  0.391,
  0.328,
  0.391,
  2.649,
  -0.467,
  -0.891,
  -7.256,
  -1.311,
  -6.744,
  -2.067,
  -6.004,
  -2.652,
  -6.564,
  -2.825,
  -6.655,
  -3.54,
  -5.665,
  -5.303,
  -5.303,
  -5.736,
  -6.151,
  -6.632,
  -6.405,
  -5.747,
  -6.848,
  -5.759,
  -6.864,
  -6.044,
  -6.258,
  -7.225,
  -5.249,
  -7.389,
  -4.798,
  -7.089,
  -4.259,
  -5.91,
  -4.617,
  -5.004,
  -3.909,
  1.182,
  -0.208,
  1.272,
  0.27,
  0.896,
  0.344,
  0.513,
  1.007,
  0.441,
  1.538,
  1.264,
  1.739,
  1.793,
  2.137,
  2.387,
  2.56,
  3.635,
  3.898,
  3.822,
  5.071,
  4.064,
  3.925,
  3.107,
  2.257,
  3.816,
  2.478,
  4.35,
  3.398,
  4.381,
  4.085,
  3.846,
  5.103,
  3.13,
  6.417,
  4.068,
  6.265,
  3.603,
  5.767,
  2.883,
  4.613,
  3.623,
  3.149,
  3.034,
  0.986,
  0.352,
  -0.968,
  0.352,
  -0.968,
  -0.089,
  -0.502,
  -0.328,
  -0.391,
  4.01,
  -2.315,
  4.01,
  -2.315,
  4.01,
  -2.315,
  0.954,
  -3.326,
  0.547,
  -4.457,
  -1.348,
  -5.032,
  -1.388,
  -6.012,
  -2.315,
  -6.031,
  -2.608,
  -5.592,
  -2.887,
  -5.43,
  -2.506,
  -6.203,
  -2.62,
  -7.198,
  -3.21,
  -7.946,
  -4.594,
  -9.017,
  -5.002,
  -8.006,
  -4.395,
  -6.516,
  -5.549,
  -4.493,
  -3.043,
  0.537,
  -3.043,
  0.537,
  -3.043,
  0.537,
  -5.271,
  -2.347,
  0.724,
  -0.675,
  0.834,
  -0.102,
  0.218,
  0.323,
  -0.024,
  0.68,
  0.016,
  0.91,
  0.633,
  0.322,
  1.896,
  0.925,
  2.893,
  1.67,
  2.957,
  2.481,
  2.815,
  3.875,
  2.208,
  3.154,
  3.166,
  4.201,
  2.231,
  3.308,
  1.881,
  4.033,
  1.979,
  3.885,
  2.237,
  5.025,
  2.946,
  7.674,
  4.03,
  6.98,
  3.808,
  5.646,
  4.679,
  5.017,
  4.046,
  2.729,
  4.073,
  0.94,
  0.352,
  -0.968,
  -0.99,
  -1.18,
  -0.99,
  -1.18,
  -0.99,
  -1.18,
  1.03,
  0,
  4.01,
  -2.315,
  4.01,
  -2.315,
  2.555,
  -3.27,
  2.867,
  -2.161,
  0.239,
  -4.564,
  0.476,
  -4.525,
  -0.288,
  -5.502,
  -0.471,
  -5.379,
  -0.623,
  -5.072,
  -1.006,
  -6.351,
  -0.626,
  -7.153,
  -1.115,
  -7.932,
  -2.47,
  -9.907,
  -3.441,
  -11.256,
  -5.561,
  -7.379,
  -4.665,
  -3.645,
  -3.043,
  0.537,
  -3.043,
  0.537,
  -0.879,
  -2.415,
  -0.084,
  -2.419,
  0.13,
  0.452,
  0.204,
  0.959,
  0.217,
  1.231,
  -0.8,
  1.386,
  -0.395,
  0.775,
  0.766,
  1.804,
  0.474,
  1.653,
  1.214,
  1.942,
  2.931,
  3.751,
  2.385,
  3.969,
  0,
  4,
  0,
  4,
  0,
  4,
  0.088,
  5.039,
  2.836,
  5.815,
  2.52,
  4.945,
  1.427,
  5.725,
  2.92,
  6.263,
  3.829,
  5.896,
  4.646,
  4.646,
  3.79,
  2.961,
  2.551,
  -2.217,
  0.355,
  -4.055,
  -0.366,
  -3.481,
  -0.99,
  -1.18,
  1.03,
  0,
  -0.789,
  -0.662,
  -0.789,
  -0.662,
  1.349,
  -0.047,
  4.296,
  0.452,
  3.357,
  0.294,
  3.64,
  -0.383,
  3.69,
  -1.491,
  2.13,
  -3.279,
  2.625,
  -4.042,
  1.098,
  -5.165,
  0.621,
  -7.103,
  -0.639,
  -7.302,
  -1.12,
  -7.072,
  -2.823,
  -9.843,
  -3.785,
  -11.65,
  -4.677,
  -10.506,
  -1.447,
  -0.527,
  -1.447,
  -0.527,
  -0.879,
  -2.415,
  -0.879,
  -2.415,
  0,
  1.03,
  0.301,
  0.985,
  0.189,
  2.162,
  0.175,
  3.345,
  0.056,
  3.22,
  -0.333,
  1.442,
  0.083,
  2.379,
  0.67,
  1.842,
  0.54,
  2.778,
  0.517,
  4.208,
  1.523,
  4.982,
  0,
  4,
  0,
  4,
  0,
  4,
  2.845,
  5.833,
  0.509,
  5.818,
  -0.859,
  6.11,
  0.817,
  6.65,
  1.957,
  6.825,
  3.108,
  5.845,
  3.073,
  3.662,
  1.903,
  -0.582,
  0.048,
  -2.74,
  -0.81,
  -2.649,
  -2.974,
  -2.082,
  -0.813,
  -0.28,
  -0.789,
  -0.662,
  -0.789,
  -0.662,
  0.527,
  1.447,
  0.527,
  1.447,
  3.872,
  0.613,
  3.785,
  4.355,
  3.127,
  1.201,
  1.131,
  -3.701,
  1.072,
  -3.739,
  2.087,
  -2.872,
  2.3,
  -3.681,
  -0.515,
  0.892,
  -0.515,
  0.892,
  -1.03,
  -1.784,
  0.77,
  -1.334,
  0.77,
  -1.334,
  -5.25,
  -9.093,
  -1.447,
  -0.527,
  -1.447,
  -0.527,
  -1.447,
  -0.527,
  0,
  1.03,
  0,
  1.03,
  0.485,
  1.493,
  0.499,
  2.348,
  0.456,
  3.248,
  -0.108,
  3.088,
  -0.209,
  2.391,
  0.607,
  3.122,
  -0.038,
  2.2,
  -0.522,
  3.714,
  -0.904,
  3.917,
  0.891,
  5.052,
  1.802,
  7.805,
  1.656,
  8.521,
  0,
  7.73,
  2.065,
  7.708,
  1.372,
  6.456,
  2.394,
  5.925,
  2.532,
  6.268,
  2.107,
  5.489,
  2.901,
  3.849,
  2.454,
  3.031,
  1.436,
  0.202,
  -1.052,
  0.764,
  -1.517,
  0.267,
  -2.018,
  1.261,
  -0.048,
  1.379,
  -0.937,
  1.443,
  1.334,
  0.77,
  1.334,
  0.77,
  0,
  3.6,
  0,
  3.6,
  0.599,
  5.699,
  -2.065,
  -3.726,
  -1.546,
  -2.128,
  -0.009,
  -0.27,
  2.33,
  -1.571,
  0,
  1.03,
  0,
  1.03,
  -0.515,
  0.892,
  -1.03,
  -1.784,
  0.77,
  -1.334,
  0.77,
  -1.334,
  0.77,
  -1.334,
  -3.302,
  -3.302,
  -2.069,
  -0.217,
  -0.866,
  0.629,
  -0.122,
  -0.274,
  1.393,
  -0.939,
  0.858,
  1.928,
  0.444,
  3.613,
  0.219,
  4.174,
  0.331,
  3.786,
  0.569,
  4.05,
  0.834,
  0.863,
  -2.228,
  2.751,
  -1.582,
  4.595,
  -0.839,
  2.745,
  -0.745,
  6.064,
  0.606,
  6.924,
  -0.723,
  6.882,
  0.324,
  6.182,
  0.838,
  6.829,
  1.679,
  5.854,
  2.741,
  6.157,
  2.019,
  5.862,
  0.861,
  4.427,
  0,
  3.96,
  -0.241,
  4.604,
  -0.89,
  4.186,
  -2.081,
  3.204,
  -1.517,
  0.267,
  -1.517,
  0.267,
  -1.517,
  0.267,
  1.112,
  2.183,
  1.334,
  0.77,
  1.334,
  0.77,
  0,
  3.6,
  0,
  3.6,
  0.876,
  4.506,
  2.722,
  -5.582,
  2.252,
  -7.854,
  0,
  0.51,
  0,
  0.51,
  0,
  1.03,
  0,
  1.03,
  -3.872,
  1.409,
  -3.872,
  1.409,
  0.77,
  -1.334,
  -5.125,
  4.3,
  -5.798,
  2.11,
  -4.345,
  -1.246,
  0,
  5.14,
  0,
  5.14,
  -1.311,
  0.279,
  0.879,
  2.415,
  0.838,
  2.922,
  0.922,
  3.995,
  0.774,
  4.392,
  0.878,
  4.515,
  1.332,
  3.867,
  -0.949,
  2.237,
  -1.864,
  3.997,
  -1.896,
  2.033,
  -2.49,
  2.089,
  -1.817,
  4.497,
  -1.368,
  5.924,
  -0.451,
  6.444,
  0.475,
  6.793,
  0.58,
  6.625,
  1.335,
  3.877,
  0.106,
  6.099,
  0.107,
  6.149,
  -0.555,
  5.281,
  -1.761,
  6.142,
  -1.368,
  7.76,
  -1.993,
  6.134,
  -2.835,
  6.367,
  -1.517,
  0.267,
  -1.517,
  0.267,
  0.803,
  5.067,
  -1.536,
  7.229,
  -2.673,
  7.763,
  -3.891,
  7.636,
  0,
  0.51,
  0,
  0.51,
  0,
  0.51,
  1.803,
  -3.254,
  -5.14,
  0,
  0,
  0.51,
  1.334,
  0.77,
  -4.12,
  0,
  -4.12,
  0,
  -3.872,
  1.409,
  -3.872,
  1.409,
  3.383,
  1.231,
  -1.03,
  1.784,
  0,
  1.03,
  0,
  1.03,
  0,
  5.14,
  0,
  5.14,
  -1.311,
  0.279,
  0.879,
  2.415,
  0.154,
  4.407,
  0.891,
  5.052,
  1.411,
  4.922,
  1.423,
  4.132,
  1.282,
  2.134,
  1.086,
  2.689,
  -0.186,
  2.663,
  -1.204,
  2.583,
  -2.732,
  2.375,
  -1.412,
  4.346,
  -0.675,
  4.803,
  0.125,
  7.179,
  -0.257,
  7.366,
  0.945,
  5.966,
  -0.074,
  4.239,
  -2.247,
  5.854,
  -2.566,
  6.351,
  -2.444,
  7.523,
  -1.965,
  9.243,
  -2.406,
  8.392,
  -2.472,
  9.225,
  -2.699,
  10.075,
  -2.593,
  9.679,
  -5.914,
  4.962,
  -5.805,
  8.29,
  -6.005,
  9.995,
  -7.039,
  8.388,
  -6.792,
  5.905,
  0,
  0.51,
  0,
  0.51,
  -1.545,
  -2.676,
  -1.545,
  -2.676,
  -4.56,
  -0.804,
  -2.06,
  0,
  1.334,
  0.77,
  1.334,
  0.77,
  0,
  1.54,
  2.314,
  2.758,
  -1.936,
  -0.705,
  3.383,
  1.231,
  3.383,
  1.231,
  -0.446,
  2.531,
  -0.446,
  2.531,
  -3.94,
  0.276,
  -8.284,
  -2.692,
  -8.549,
  -1.817,
  -8.455,
  -1.339,
  -0.367,
  5.247,
  0.349,
  4.988,
  1.001,
  4.336,
  1.848,
  3.626,
  1.696,
  2.714,
  1.644,
  2.965,
  1.731,
  2.88,
  0.131,
  2.497,
  -0.755,
  2.194,
  -0.791,
  2.759,
  -0.868,
  3.483,
  -0.582,
  4.139,
  -1.064,
  4.609,
  -1.114,
  5.243,
  -1.087,
  5.116,
  -4.477,
  6.894,
  -3.132,
  8.159,
  -2.165,
  8.684,
  -3.034,
  8.812,
  -2.908,
  10.141,
  -2.524,
  10.932,
  -3.239,
  11.295,
  -5.914,
  4.962,
  -5.914,
  4.962,
  -5.914,
  4.962,
  -7.921,
  6.646,
  -8.464,
  2.75,
  -8.563,
  0.9,
  -6.7,
  2.439,
  0.825,
  -0.333,
  0.825,
  -0.333,
  -1.545,
  -2.676,
  -4.56,
  -0.804,
  -5.66,
  0,
  -5.66,
  0,
  0,
  1.54,
  0,
  1.54,
  2.314,
  2.758,
  2.314,
  2.758,
  -9.2,
  -5.975,
  -0.446,
  2.531,
  -0.446,
  2.531,
  -0.446,
  2.531,
  -8.626,
  -3.311,
  -8.701,
  -3.34,
  -8.673,
  -3.157,
  -7.485,
  -2.432,
  -0.771,
  3.629,
  -0.123,
  3.518,
  1.345,
  3.329,
  2.31,
  2.852,
  2.349,
  2.702,
  2.737,
  2.834,
  2.911,
  3.014,
  1.258,
  2.964,
  -0.107,
  2.047,
  -1.02,
  2.403,
  -0.736,
  2.137,
  -0.968,
  2.659,
  -1.747,
  4.115,
  -1.539,
  4.736,
  -0.951,
  6.005,
  0.292,
  5.572,
  -1.83,
  5.314,
  -2.543,
  7.827,
  -2.422,
  9.713,
  -2.347,
  11.043,
  -1.302,
  12.392,
  -0.698,
  7.98,
  -0.113,
  6.499,
  -5.914,
  4.962,
  -2.521,
  0.968,
  -10.176,
  -3.906,
  -10.615,
  -3.245,
  -4.115,
  -7.127,
  -4.115,
  -7.127,
  -2.976,
  -3.547,
  -2.976,
  -3.547,
  -1.03,
  1.784,
  0,
  0.51,
  -1.315,
  0.256,
  -5.66,
  0,
  -4.461,
  -2.473,
  -2.264,
  -1.968,
  2.314,
  2.758,
  2.314,
  2.758,
  -8.633,
  -7.244,
  -9.396,
  -6.579,
  -9.386,
  -5.64,
  -9.332,
  -5.173,
  -8.935,
  -4.751,
  -8.788,
  -3.913,
  -8.185,
  -2.979,
  -7.602,
  -2.767,
  -1.004,
  3.091,
  0.302,
  3.457,
  2.375,
  3.391,
  2.824,
  3.136,
  2.558,
  3.049,
  3.345,
  3.23,
  2.977,
  2.776,
  -0.318,
  0.318,
  -0.318,
  0.318,
  -0.347,
  2.466,
  -1.239,
  2.331,
  -1.628,
  2.241,
  -2.268,
  3.63,
  -2.095,
  4.705,
  -0.711,
  5.06,
  0.179,
  5.117,
  0.553,
  5.261,
  0.337,
  6.421,
  0.16,
  9.149,
  0.962,
  10.998,
  4.092,
  9.19,
  6.616,
  3.82,
  2.09,
  5.174,
  2.2,
  10.349,
  7.864,
  5.506,
  2.05,
  -4.604,
  5.215,
  -9.033,
  -4.115,
  -7.127,
  -4.115,
  -7.127,
  -2.976,
  -3.547,
  -2.976,
  -3.547,
  0,
  0.51,
  0,
  0.51,
  1.986,
  2.367,
  0.447,
  -8.528,
  -3.072,
  -7.603,
  -4.774,
  -7.946,
  -7.093,
  -7.877,
  -8.078,
  -7.273,
  -8.317,
  -7.23,
  -8.996,
  -6.536,
  -9.167,
  -5.953,
  -9.083,
  -5.675,
  -8.851,
  -4.906,
  -9.208,
  -4.294,
  -8.927,
  -3.249,
  -7.73,
  -2.967,
  0.393,
  2.479,
  1.716,
  1.44,
  3.065,
  2.395,
  3.188,
  3.302,
  2.598,
  1.5,
  2.598,
  1.5,
  3.616,
  2.627,
  3.759,
  1.368,
  3.759,
  1.368,
  3.759,
  1.368,
  0,
  0.89,
  -1.124,
  2.411,
  -1.806,
  1.626,
  -1.57,
  2.009,
  -1.71,
  3.505,
  0.237,
  4.514,
  1.343,
  5.013,
  1.558,
  6.249,
  2.274,
  9.121,
  3.566,
  9.289,
  6.881,
  4.818,
  6.593,
  4.79,
  8.593,
  6.017,
  7.426,
  6.456,
  10.574,
  7.968,
  3.389,
  -6.114,
  4.121,
  -8.449,
  3.506,
  -9.632,
  -2.751,
  -11.917,
  -6.575,
  -11.388,
  -6.711,
  -6.042,
  -2.415,
  -0.879,
  -2.415,
  -0.879,
  1.986,
  2.367,
  1.986,
  2.367,
  -3.118,
  -7.346,
  -4.744,
  -7.895,
  -5.676,
  -8.415,
  -7.125,
  -8.196,
  -7.972,
  -7.434,
  -8.045,
  -6.994,
  -8.986,
  -6.292,
  -9.232,
  -5.547,
  -9.358,
  -5.187,
  -9.552,
  -4.867,
  -8.256,
  -3.85,
  -8.871,
  -3.229,
  0.052,
  2.96,
  0.421,
  1.377,
  0.498,
  0.797,
  2.757,
  2.482,
  2.598,
  1.5,
  2.598,
  1.5,
  3.708,
  3.458,
  3.759,
  1.368,
  3.759,
  1.368,
  -0.629,
  0.629,
  0,
  -0.45,
  0,
  0.45,
  4.698,
  1.71,
  0.948,
  -0.948,
  2,
  3.464,
  -0.533,
  4.337,
  0.209,
  5.976,
  1.685,
  7.298,
  3.827,
  8.596,
  6.852,
  7.61,
  7.297,
  5.302,
  7.451,
  5.414,
  7.659,
  5.771,
  9.258,
  5.345,
  11.594,
  5.655,
  8.169,
  0.715,
  4.122,
  -7.752,
  5.555,
  -8.554,
  1.731,
  -8.903,
  -5,
  -10.722,
  -6.977,
  -9.603,
  -2.415,
  -0.879,
  -2.415,
  -0.879,
  1.986,
  2.367,
  1.986,
  2.367,
  -4.923,
  -6.533,
  -5.701,
  -6.332,
  -6.647,
  -6.647,
  -7.057,
  -6.815,
  -7.553,
  -7.294,
  -7.998,
  -6.711,
  -8.4,
  -6.563,
  -8.945,
  -6.263,
  -9.708,
  -5.605,
  -9.573,
  -4.064,
  -9.377,
  -3.047,
  -9.331,
  -2.5,
  0.601,
  2.096,
  0.604,
  0.694,
  -0.964,
  2.165,
  0.493,
  2.134,
  0.843,
  0.393,
  1.53,
  2.65,
  3.668,
  0.78,
  3.94,
  -0.276,
  4.038,
  -0.141,
  -0.629,
  0.629,
  -0.629,
  0.629,
  0.417,
  -0.169,
  4.698,
  1.71,
  4.698,
  1.71,
  2,
  3.464,
  2,
  3.464,
  0.598,
  5.689,
  1.822,
  6.8,
  3.504,
  7.513,
  5.867,
  7.51,
  7.63,
  6.633,
  7.352,
  5.953,
  7.963,
  4.976,
  8.539,
  4.93,
  10.95,
  4.424,
  12.679,
  3.636,
  7.005,
  -5.473,
  7.216,
  -6.055,
  6.262,
  -4.549,
  -6.295,
  -10.903,
  -2.555,
  -7.02,
  -4.336,
  -3.638,
  -4.336,
  -3.638,
  -4.336,
  -3.638,
  -5.96,
  -7.628,
  -6.486,
  -7.729,
  -6.318,
  -7.803,
  -7.474,
  -6.97,
  -7.387,
  -6.651,
  -6.838,
  -6.377,
  -7.167,
  -6.684,
  -8.325,
  -6.048,
  -8.905,
  -5.564,
  -8.891,
  -4.728,
  -9.865,
  -3.986,
  -9.506,
  -2.906,
  -8.781,
  -2.189
]