
[
  0.85,
  -1.744,
  1.921,
  -2.459,
  0.641,
  -2.777,
  -0.729,
  -3.157,
  0.261,
  -3.731,
  1.64,
  -2.343,
  0.09,
  0.002,
  0.127,
  0.315,
  1.077,
  -0.673,
  1.043,
  1.119,
  0.771,
  0.28,
  1.648,
  0.84,
  1.44,
  -0.025,
  1.087,
  0.271,
  0.77,
  0.359,
  0.496,
  0.763,
  0.389,
  1.198,
  0.217,
  1.545,
  -0.177,
  2.022,
  -0.846,
  1.9,
  0,
  1,
  0,
  1,
  0,
  1,
  0,
  1,
  0.789,
  0.256,
  0.424,
  1.48,
  0.855,
  1.221,
  0.342,
  -0.167,
  0.036,
  -0.093,
  1.011,
  0.682,
  0.969,
  0.757,
  0.688,
  0.947,
  -0.636,
  -0.338,
  -0.761,
  0.709,
  2.298,
  1.928,
  -0.193,
  1.568,
  -0.353,
  1.23,
  -0.218,
  1.119,
  1.123,
  0.477,
  1.992,
  0.725,
  1.967,
  1.229,
  4.064,
  4.208,
  4.172,
  4.172,
  5.695,
  6.787,
  4.165,
  7.214,
  4.567,
  6.286,
  5.595,
  9.691,
  0.469,
  -1.223,
  -0.107,
  -3.058,
  0.143,
  -4.088,
  0.293,
  -2.785,
  -0.384,
  -2.733,
  2.088,
  -0.368,
  1.049,
  -0.881,
  1.252,
  0.844,
  1.367,
  1.231,
  0.78,
  0.124,
  1.318,
  0.889,
  1.892,
  0.472,
  1.693,
  0.55,
  1.09,
  0.397,
  0.716,
  0.95,
  0.525,
  1.617,
  0.317,
  2.258,
  0.129,
  2.467,
  -0.752,
  2.184,
  -1.334,
  2.22,
  -1.152,
  1.586,
  0,
  1,
  0,
  1,
  0.161,
  1.31,
  0.942,
  1.206,
  0.8,
  0.695,
  2.056,
  1.44,
  1.166,
  0.911,
  0.509,
  1.326,
  0.269,
  1.526,
  0.551,
  1.363,
  0.512,
  1.335,
  0.85,
  2.468,
  2.298,
  1.928,
  2.298,
  1.928,
  2.298,
  1.928,
  2.298,
  1.928,
  0,
  1.73,
  0.578,
  2.504,
  1.18,
  1.565,
  0.737,
  2.41,
  2.237,
  6.886,
  2.813,
  10.5,
  2.806,
  5.752,
  2.134,
  6.981,
  3.177,
  8.73,
  2.456,
  6.747,
  0.823,
  -3.299,
  0.661,
  -3.111,
  0.369,
  -2.624,
  0.682,
  -2.736,
  1.005,
  -1.89,
  1.286,
  -0.443,
  1.775,
  -0.944,
  1.007,
  -0.973,
  0.828,
  0.058,
  1.922,
  0.515,
  1.68,
  0.97,
  1.51,
  0.98,
  1.654,
  0.736,
  1.677,
  1.089,
  1.098,
  2.717,
  0.608,
  3.447,
  -0.138,
  3.958,
  -0.616,
  3.891,
  -1.159,
  3.566,
  -1.41,
  1.46,
  -0.249,
  1.773,
  0.324,
  2.045,
  0.896,
  2.462,
  1.031,
  0.962,
  1.294,
  0.631,
  1.378,
  0.344,
  1.327,
  0.186,
  1.333,
  0.357,
  2.12,
  1.656,
  0.784,
  1.208,
  1.602,
  0.925,
  0.599,
  0.923,
  -0.675,
  2.209,
  2.298,
  1.928,
  2.298,
  1.928,
  2.298,
  1.928,
  -0.944,
  2.742,
  0.628,
  1.825,
  0.026,
  1.47,
  -0.138,
  3.948,
  -2.25,
  2.589,
  -2.634,
  6.204,
  -1.447,
  10.299,
  0.334,
  6.371,
  0.886,
  7.216,
  1.668,
  8.579,
  1.355,
  6.97,
  0.206,
  -2.351,
  -0.186,
  -2.654,
  0.038,
  -2.17,
  -0.389,
  -1.272,
  -0.071,
  -0.176,
  1.111,
  0.426,
  1.076,
  0.435,
  1.348,
  0.071,
  0.962,
  0.187,
  0.614,
  -0.497,
  0.82,
  0,
  1.626,
  0.497,
  1.415,
  2.264,
  1.158,
  3.015,
  1.251,
  4.364,
  -0.39,
  4.463,
  -1.243,
  4.987,
  -0.335,
  4.788,
  -0.061,
  3.499,
  -0.091,
  1.728,
  -0.134,
  1.534,
  1.338,
  2.414,
  1.686,
  0.897,
  1.386,
  -0.195,
  0.796,
  0.198,
  1.316,
  0.505,
  2.654,
  0.186,
  1.802,
  -0.253,
  0.921,
  -0.129,
  1.743,
  1.515,
  2.602,
  2.602,
  0.941,
  1.697,
  -3.31,
  4.088,
  -3.196,
  10.452,
  1.332,
  12.67,
  4.437,
  9.516,
  2.84,
  5.342,
  0.227,
  3.242,
  -2.073,
  2.385,
  -3.023,
  2.116,
  -3.792,
  1.532,
  -4.5,
  5.362,
  -2.255,
  7.863,
  -0.87,
  6.189,
  -0.116,
  6.619,
  -0.134,
  7.659,
  1.849,
  8.009,
  0.275,
  -2.616,
  0.863,
  -1.693,
  0.534,
  -2.514,
  0.35,
  -0.006,
  1.017,
  2.085,
  1.163,
  0.645,
  0.25,
  0.49,
  0.974,
  -0.335,
  1.516,
  0.675,
  -0.867,
  1.15,
  -0.182,
  2.604,
  1.736,
  3.131,
  -0.425,
  4.861,
  0.28,
  4.01,
  0.498,
  4.06,
  -0.288,
  5.502,
  -2.571,
  3.064,
  -2.571,
  3.064,
  -2.571,
  3.064,
  -0.423,
  0.95,
  -0.772,
  1.144,
  -0.151,
  1.723,
  0.069,
  1.979,
  0.331,
  1.236,
  -0.418,
  0.985,
  -0.632,
  0.937,
  2.14,
  -0.416,
  0.055,
  0.059,
  0.976,
  -0.414,
  2.34,
  0.852,
  -0.557,
  1.141,
  -3.001,
  5.414,
  -4.975,
  6.367,
  -3.199,
  10.462,
  0.384,
  11.003,
  3.29,
  9.04,
  5.173,
  6.388,
  5.277,
  4.273,
  4.791,
  2.994,
  2.059,
  1.853,
  -4.141,
  1.266,
  -3.509,
  4.492,
  -2.158,
  5.341,
  -1.361,
  5.895,
  -0.488,
  5.579,
  0,
  6.72,
  0.614,
  7.023,
  0.161,
  -1.149,
  0.087,
  -0.411,
  0.53,
  -0.259,
  0.189,
  2.162,
  0.307,
  1.936,
  0.246,
  2.005,
  0.102,
  1.166,
  -0.184,
  0.262,
  0.403,
  0.242,
  0.842,
  2.194,
  0.636,
  1.748,
  -0.627,
  1.931,
  0.55,
  4.476,
  -0.065,
  3.719,
  -1.993,
  6.134,
  -0.839,
  5.971,
  -2.571,
  3.064,
  -2.571,
  3.064,
  -2.571,
  3.064,
  -0.222,
  1.403,
  0.453,
  1.69,
  0.494,
  2.542,
  0.111,
  1.586,
  0.064,
  1.218,
  -0.44,
  0.943,
  0.008,
  0.44,
  -0.195,
  -0.482,
  1.053,
  -0.71,
  1.896,
  0.3,
  -0.933,
  0.435,
  -2.035,
  3.525,
  -4.438,
  4.286,
  -4.35,
  5.987,
  -2.617,
  8.055,
  -0.298,
  8.545,
  1.851,
  8.019,
  3.009,
  7.088,
  3.8,
  6.081,
  3.852,
  5.111,
  3.574,
  4.259,
  2.094,
  3.938,
  -2.398,
  2.857,
  -1.606,
  3.783,
  -0.53,
  4.318,
  0.439,
  5.021,
  1.355,
  5.434,
  1.679,
  5.854,
  -0.238,
  0.889,
  0.986,
  -0.592,
  0.564,
  0.205,
  -0.014,
  0.83,
  -0.416,
  1.669,
  -0.55,
  0.847,
  0.536,
  1.326,
  -0.638,
  0.431,
  0.116,
  1.656,
  0.911,
  1.351,
  1.007,
  1.611,
  -0.655,
  4.138,
  0.173,
  4.947,
  -1.597,
  4.388,
  -2.283,
  5.947,
  -1.743,
  5.364,
  -1.304,
  3.398,
  0.416,
  1.803,
  1.072,
  2.791,
  0.089,
  2.558,
  -0.239,
  1.703,
  0.272,
  1.719,
  0.186,
  0.399,
  0.29,
  0.29,
  -0.223,
  0.344,
  0.007,
  0.07,
  -0.053,
  0.608,
  0.987,
  1.31,
  1.1,
  0.799,
  -0.728,
  1.04,
  -0.431,
  4.921,
  -3.713,
  4.585,
  -3.938,
  6.064,
  -3.004,
  7.436,
  -1.237,
  7.813,
  0.388,
  7.4,
  1.028,
  6.489,
  1.501,
  5.602,
  2.094,
  4.934,
  2.075,
  4.888,
  2.46,
  5.275,
  3.049,
  5.074,
  3.034,
  4.671,
  2.734,
  4.933,
  2.774,
  5.444,
  3.45,
  5.521,
  3.858,
  5.72,
  0.262,
  0.649,
  0.765,
  0.689,
  0,
  1,
  0,
  1,
  0,
  1,
  -0.519,
  0.936,
  0.441,
  2.074,
  -0.782,
  2.917,
  -0.05,
  2.88,
  -0.446,
  2.297,
  0.546,
  2.807,
  -1.077,
  4.318,
  -3.251,
  7.659,
  -3.681,
  8.268,
  -3.299,
  7.409,
  -1.817,
  4.497,
  2.203,
  2.923,
  1.192,
  2.808,
  0.794,
  2.768,
  0.792,
  2.592,
  -1.029,
  2.988,
  -0.311,
  1.763,
  -0.06,
  1.709,
  -0.251,
  1.782,
  -0.812,
  0.634,
  0.353,
  1.816,
  0.243,
  1.379,
  -0.22,
  0.883,
  -0.403,
  1.32,
  -3.691,
  5.081,
  -4.003,
  4.293,
  -4.474,
  4.321,
  -4.751,
  4.92,
  -4.167,
  5.736,
  -3.437,
  6.201,
  -2.298,
  6.315,
  -1.347,
  6.338,
  -0.407,
  5.826,
  0.193,
  5.517,
  0.849,
  5.363,
  1.555,
  5.422,
  2.679,
  5.257,
  3.952,
  4.88,
  4.724,
  4.892,
  5.366,
  5.182,
  5.968,
  5.565,
  6.004,
  5.599,
  0.145,
  -0.541,
  0.046,
  -0.528,
  0,
  1,
  0,
  1,
  0,
  1,
  0.141,
  0.095,
  -0.214,
  1.099,
  -0.259,
  1.467,
  -1.202,
  2.26,
  -1.164,
  1.937,
  -4.836,
  8.049,
  -5.284,
  9.533,
  -5.605,
  10.542,
  -3.982,
  8.944,
  -2.234,
  7.306,
  1.486,
  4.575,
  1.264,
  2.71,
  1.188,
  4.764,
  1.079,
  4.328,
  -0.083,
  4.729,
  -0.257,
  1.832,
  0.09,
  1.718,
  -0.221,
  1.797,
  -0.281,
  0.918,
  1.503,
  0.518,
  -0.898,
  0.309,
  -0.698,
  0.674,
  -2.076,
  2.755,
  -3.053,
  4.527,
  -1.903,
  4.483,
  -3.924,
  3.066,
  -4.611,
  4.009,
  -5.217,
  4.076,
  -5.048,
  4.236,
  -4.396,
  4.882,
  -3.556,
  5.273,
  -2.845,
  5.351,
  -1.787,
  5.191,
  -1.447,
  5.047,
  -0.732,
  5.209,
  0.295,
  5.632,
  1.64,
  5.72,
  3.101,
  5.16,
  4.356,
  4.51,
  5.223,
  3.936,
  6.052,
  5.078,
  6.264,
  5.445,
  -0.51,
  -0.729,
  -0.909,
  0.032,
  -1.834,
  1.485,
  0,
  1,
  -2.819,
  -1.026,
  -2.819,
  -1.026,
  -1.817,
  -0.556,
  -1.741,
  1.005,
  -4.312,
  2.197,
  -8.587,
  7.206,
  -6.794,
  9.017,
  -6.047,
  10.063,
  -4.997,
  11.773,
  2.5,
  4.33,
  1.475,
  5.143,
  1.485,
  4.312,
  1.225,
  4.007,
  0.337,
  6.431,
  1.863,
  7.471,
  2.018,
  6.21,
  0.81,
  2.11,
  -0.574,
  1.353,
  0.474,
  0.892,
  0.138,
  0.22,
  0.86,
  0.296,
  -1.038,
  1.951,
  -2.991,
  2.789,
  -2.928,
  2.827,
  -3.069,
  4.073,
  -2.064,
  5.109,
  -1.363,
  4.194,
  -1.1,
  4.105,
  -0.467,
  3.801,
  -0.434,
  3.533,
  -0.512,
  3.644,
  0.295,
  4.22,
  1.447,
  3.975,
  2.34,
  4.053,
  3.436,
  4.243,
  4.191,
  4.995,
  4.581,
  5.863,
  5.183,
  5.558,
  4.533,
  4.533,
  5.09,
  4.122,
  5.94,
  5.163,
  6.84,
  5.344,
  6.877,
  4.996,
  -1.453,
  1.731,
  -1.934,
  3.095,
  -2.685,
  1.488,
  -3.441,
  0.362,
  -2.819,
  -1.026,
  -2.819,
  -1.026,
  -2.819,
  -1.026,
  -6.326,
  2.178,
  -9.643,
  5.794,
  -7.594,
  7.594,
  -6.332,
  9.043,
  -5.493,
  11.262,
  2.5,
  4.33,
  2.5,
  4.33,
  2.5,
  4.33,
  1.052,
  5.968,
  0.852,
  6.06,
  0,
  8.2,
  0.812,
  7.727,
  1.784,
  7.727,
  1.086,
  2.689,
  0.762,
  0.663,
  0.616,
  0.287,
  0.787,
  0.436,
  0.439,
  -0.031,
  -0.488,
  0.542,
  -0.769,
  3.619,
  -1.368,
  3.759,
  -1.724,
  3.698,
  -1.478,
  4.059,
  -1.322,
  4.322,
  -1.495,
  3.699,
  -1.621,
  3.181,
  -1.538,
  3.299,
  -0.968,
  3.613,
  -0.871,
  3.493,
  1.079,
  3.529,
  2.64,
  2.733,
  3.435,
  2.782,
  3.539,
  2.478,
  3.466,
  2.807,
  3.419,
  3.797,
  3.449,
  4.259,
  3.215,
  4.425,
  3.453,
  4.931,
  3.819,
  4.096,
  5.01,
  4.672,
  1,
  1.732,
  -2.134,
  2.543,
  -2.682,
  1.367,
  -4.73,
  0,
  -5.697,
  -0.199,
  -6.342,
  1.118,
  -8.5,
  2.119,
  -9.335,
  4.353,
  -8.025,
  5.831,
  -6.932,
  7.699,
  -5.977,
  9.566,
  -4.56,
  10.742,
  2.5,
  4.33,
  2.5,
  4.33,
  2.5,
  4.33,
  0.111,
  6.349,
  -0.43,
  6.145,
  0.264,
  7.555,
  0.243,
  6.956,
  0.685,
  6.514,
  0.687,
  1.889,
  0.562,
  1.205,
  0.836,
  0.929,
  0.465,
  1.095,
  0.112,
  0.913,
  0.425,
  0.872,
  0.764,
  -0.597,
  1.285,
  2.226,
  1.285,
  2.226,
  -0.623,
  3.931,
  -2.438,
  3.121,
  -2.751,
  3.279,
  -2.115,
  3.663,
  -2.183,
  4.106,
  -1.437,
  3.081,
  1.168,
  -0.472,
  2.394,
  -0.167,
  2.354,
  -0.165,
  2.802,
  0.394,
  3.526,
  0.945,
  3.966,
  0.916,
  3.82,
  1.863,
  4.223,
  2.152,
  4.959,
  2.749,
  4.668,
  3.392,
  4.11,
  3.7,
  3.495,
  5.181,
  1,
  1.732,
  -1.863,
  2.143,
  -2.656,
  2.075,
  -3.544,
  1.504,
  -5.44,
  0.572,
  -6.126,
  1.08,
  -6.444,
  2.604,
  -6.002,
  3.465,
  -5.209,
  4.371,
  -6.39,
  6.853,
  -5.446,
  8.387,
  -3.536,
  8.753,
  -1.275,
  8.05,
  -0.102,
  5.869,
  0.906,
  5.719,
  0.578,
  5.5,
  0.687,
  6.534,
  0.353,
  6.741,
  0.464,
  6.634,
  0,
  6.56,
  0.844,
  3.149,
  0.785,
  1.417,
  0.868,
  0.608,
  0.77,
  1.334,
  0.77,
  1.334,
  -0.534,
  -0.498,
  1.285,
  2.226,
  1.285,
  2.226,
  1.285,
  2.226,
  -0.788,
  4.471,
  -2.056,
  3.29,
  -1.032,
  2.997,
  -0.056,
  3.2,
  1.31,
  2.942,
  2.348,
  0.542,
  -0.596,
  -1.836,
  -0.415,
  -2.617,
  0.326,
  -1.217,
  0.678,
  -0.529,
  1.662,
  1.605,
  2.165,
  2.491,
  2.624,
  2.05,
  3.444,
  2.69,
  3.675,
  4.539,
  2.782,
  4.452,
  2.883,
  4.613,
  3.145,
  5.916,
  -1.208,
  2.37,
  -1.499,
  2.063,
  -2.512,
  2.262,
  -3.01,
  2.187,
  -3.874,
  1.889,
  -4.567,
  1.662,
  -4.849,
  2.261,
  -3.794,
  2.859,
  -4.242,
  5.056,
  -4.642,
  5.942,
  -4.414,
  7.064,
  -1.854,
  4.59,
  -0.155,
  4.437,
  1.01,
  4.375,
  0.688,
  4.346,
  0.898,
  5.669,
  0.74,
  6.025,
  0.116,
  6.619,
  -0.477,
  6.823,
  0.603,
  6.894,
  0.884,
  2.72,
  0.985,
  1.706,
  -0.328,
  0.391,
  -0.328,
  0.391,
  0.479,
  0.174,
  0.479,
  0.174,
  -0.258,
  0.553,
  1.285,
  2.226,
  1.285,
  2.226,
  3.981,
  5.685,
  1.69,
  1.69,
  1.537,
  1.201,
  1.834,
  1.771,
  -0.071,
  -0.084,
  1.146,
  -1.146,
  1.677,
  -0.206,
  -0.208,
  -0.978,
  0.418,
  -0.326,
  0.353,
  1.23,
  1.175,
  2.035,
  1.334,
  2.22,
  1.992,
  1.671,
  3.906,
  2.255,
  0.442,
  0.255,
  0.442,
  0.255,
  0.442,
  0.255,
  10.534,
  -0.368,
  -1.168,
  3.043,
  -1.495,
  2.589,
  -2.177,
  2.689,
  0.318,
  0.318,
  0.318,
  0.318,
  0.318,
  0.318,
  -2.649,
  1.408,
  -1.97,
  2.432,
  -2.302,
  3.832,
  -2.083,
  4.906,
  -0.939,
  2.891,
  -0.656,
  3.723,
  -0.841,
  2.932,
  0.159,
  4.547,
  -0.535,
  4.357,
  0,
  5.81,
  -0.119,
  6.809,
  -0.117,
  6.729,
  -0.235,
  6.726,
  1.632,
  5.022,
  -0.278,
  2.645,
  -0.865,
  2.663,
  -0.328,
  0.391,
  -0.328,
  0.391,
  0.479,
  0.174,
  -0.515,
  0.892,
  -0.515,
  0.892,
  0.208,
  0.834,
  0.451,
  0.164,
  0.99,
  5.613,
  2.727,
  2.13,
  3.73,
  0.725,
  2.579,
  -0.691,
  1.028,
  -2.421,
  0.672,
  -2.2,
  -0.588,
  -1.922,
  -0.257,
  -1.832,
  0.238,
  -1.501,
  0.629,
  -0.866,
  0.955,
  0.386,
  2.084,
  0.33,
  2.109,
  0.726,
  3.834,
  1.395,
  0.442,
  0.255,
  0.442,
  0.255,
  -0.705,
  -1.936,
  1.36,
  -1.101,
  -1.167,
  4.356,
  -1.876,
  4.024,
  -1.818,
  4.084,
  0.318,
  0.318,
  0.318,
  0.318,
  0.318,
  0.318,
  -0.874,
  2.278,
  -0.344,
  2.799,
  0.336,
  3.845,
  0.539,
  3.832,
  0.521,
  2.954,
  0.521,
  2.954,
  0.521,
  2.954,
  -1.843,
  5.065,
  -2.521,
  6.24,
  -1.278,
  6.577,
  -0.84,
  6.839,
  -0.471,
  6.734,
  0.33,
  6.301,
  0.782,
  4.938,
  -0.624,
  5.082,
  -1.273,
  3.697,
  -0.88,
  3.284,
  -1.003,
  1.075,
  -0.515,
  0.892,
  -0.515,
  0.892,
  -0.515,
  0.892,
  -0.391,
  -0.328,
  0.505,
  0.581,
  1.155,
  3.777,
  3.308,
  1.613,
  3.23,
  -0.57,
  0.601,
  -2.602,
  -0.565,
  -1.971,
  -1.337,
  -1.082,
  -1.215,
  -0.192,
  -2.044,
  0.435,
  -1.976,
  1.658,
  -1.11,
  2.614,
  -0.83,
  3.328,
  -1.064,
  2.922,
  0.55,
  1.598,
  0,
  1.03,
  0,
  1.03,
  -0.705,
  -1.936,
  -0.705,
  -1.936,
  0.705,
  1.936,
  -0.832,
  4.717,
  -1.892,
  4.682,
  -1.735,
  5.04,
  -0.351,
  2.859,
  -1.686,
  1.095,
  -1.35,
  2.338,
  -1.326,
  0.895,
  -0.847,
  2.606,
  -0.875,
  4.118,
  0.477,
  3.881,
  0.521,
  2.954,
  0.521,
  2.954,
  0.521,
  2.954,
  -3.28,
  4.353,
  -2.76,
  5.918,
  -2.188,
  6.733,
  -1.53,
  6.626,
  -0.928,
  6.605,
  0.316,
  6.032,
  0.709,
  5.777,
  1.67,
  4.851,
  2.381,
  3.277,
  0.223,
  1.816,
  -0.452,
  0.97,
  -0.166,
  1.047,
  0.405,
  0.172,
  -0.391,
  -0.328,
  -0.391,
  -0.328,
  -0.391,
  -0.328,
  2.009,
  -0.538,
  0.695,
  1.204,
  -2.573,
  -1.869,
  -2.394,
  -1.938,
  -2.492,
  -1.81,
  -2.697,
  -0.673,
  -2.839,
  0.248,
  0,
  0.51,
  0,
  0.51,
  -2.314,
  -2.758,
  1.03,
  -1.784,
  1.03,
  -1.784,
  0.751,
  -3.531,
  0,
  1.03,
  0,
  1.03,
  0,
  1.03,
  0.705,
  1.936,
  0.705,
  1.936,
  -0.732,
  4.622,
  -1.012,
  4.385,
  -0.671,
  4.237,
  -0.612,
  2.65,
  -2.425,
  1.698,
  -1.044,
  0.184,
  -1.382,
  0.558,
  -2.944,
  3.508,
  -1.214,
  2.49,
  0,
  3.61,
  -0.611,
  5.818,
  -2.652,
  5.956,
  -4.049,
  6.002,
  -4.403,
  6.06,
  -3.825,
  6.625,
  -2.799,
  7.291,
  -2.011,
  7.505,
  -1.257,
  7.13,
  -0.597,
  6.824,
  0.349,
  6.661,
  0.774,
  6.303,
  1.179,
  5.546,
  0.089,
  0.502,
  0.089,
  0.502,
  0.549,
  1.178,
  0.287,
  0.41,
  0.281,
  0.918,
  -0.391,
  -0.328,
  1.18,
  0.99,
  1.18,
  0.99,
  -1.813,
  2.589,
  -5.284,
  0.837,
  -4.948,
  0.784,
  -3.775,
  0.198,
  -3.634,
  -1.111,
  -1.936,
  0.705,
  -1.936,
  0.705,
  0,
  0.51,
  -2.314,
  -2.758,
  1.03,
  -1.784,
  1.03,
  -1.784,
  -0.091,
  -1.307,
  -1.189,
  0.042,
  0.328,
  1.688,
  -0.026,
  1.5,
  -0.489,
  0.382,
  0.627,
  -0.673,
  -1.361,
  3.74,
  -0.984,
  3.671,
  -0.204,
  2.913,
  -0.33,
  2.347,
  -0.878,
  0.818,
  -2.208,
  0.31,
  -3.884,
  3.259,
  -2.065,
  3.577,
  -1.798,
  2.301,
  -3.071,
  8.001,
  -2.336,
  7.19,
  -2.547,
  5.222,
  -3.858,
  5.72,
  -4.185,
  5.76,
  -3.512,
  6.604,
  -3.559,
  6.985,
  -2.404,
  7.399,
  -2.146,
  7.019,
  -1.233,
  6.992,
  0,
  6.55,
  -0.339,
  6.461,
  0.321,
  6.132,
  0.089,
  0.502,
  0.089,
  0.502,
  0.089,
  0.502,
  0.964,
  1.327,
  -0.761,
  1.708,
  1.18,
  0.99,
  1.18,
  0.99,
  1.18,
  0.99,
  3.641,
  1.398,
  3.99,
  0.632,
  5.776,
  -1.548,
  -0.99,
  -1.18,
  -0.99,
  -1.18,
  -1.936,
  0.705,
  -1.936,
  0.705,
  0,
  0.51,
  0,
  0.51,
  1.03,
  -1.784,
  -1.936,
  0.705,
  -2.226,
  1.285,
  -1.202,
  1.202,
  1.758,
  4.83,
  1.758,
  4.83,
  2.621,
  -0.557,
  5.319,
  -1.936,
  -1.902,
  3.044,
  -1.369,
  2.936,
  -0.846,
  2.458,
  -0.719,
  2.509,
  -1.292,
  1.54,
  -3.06,
  1.839,
  -3.073,
  2.401,
  -4.317,
  2.697,
  -2.326,
  2.494,
  -2.817,
  4.689,
  -2.579,
  5.061,
  -2.574,
  5.052,
  -2.477,
  5.311,
  -3.415,
  5.915,
  -3.597,
  6.49,
  -3.895,
  6.233,
  -3.498,
  6.578,
  -2.509,
  6.535,
  -1.651,
  6.163,
  -1.326,
  6.241,
  -1.286,
  6.616,
  -0.446,
  6.384,
  0.089,
  0.502,
  0.089,
  0.502,
  1.509,
  1.018,
  1.253,
  1.494,
  3.153,
  2.048,
  2.272,
  0.36,
  1.076,
  -0.435,
  1.8,
  0.917,
  4.551,
  1.135,
  5.957,
  -1.266,
  -1.18,
  0.99,
  -0.99,
  -1.18,
  -0.99,
  -1.18,
  0,
  0.51,
  0,
  0.51,
  0,
  0.51,
  0,
  0.51,
  0,
  0.51,
  -1.969,
  1.652,
  0,
  1.03,
  0,
  1.03,
  1.758,
  4.83,
  0.318,
  0.318,
  2.576,
  -0.739,
  5.319,
  -1.936,
  -1.902,
  3.044,
  -1.759,
  2.709,
  -1.348,
  2.431,
  -1.07,
  2.403,
  -0.938,
  2.012,
  -1.901,
  2.347,
  -1.94,
  2.155,
  -2.94,
  1.767,
  -3.84,
  2.128,
  -3.022,
  3.129,
  -2.459,
  3.935,
  -2.575,
  5.783,
  -2.734,
  5.864,
  -3.075,
  5.326,
  -3.886,
  5.762,
  -3.927,
  6.284,
  -3.81,
  6.599,
  -3.399,
  6.393,
  -2.859,
  6.422,
  -2.548,
  6.002,
  -1.808,
  5.564,
  -1.61,
  6.008,
  0.194,
  5.557,
  0.442,
  0.255,
  3.515,
  3.64,
  3.179,
  2.395,
  1.805,
  2.484,
  1.258,
  2.964,
  3.3,
  1.905,
  3.61,
  0.379,
  0,
  1.03,
  0,
  1.03,
  0,
  1.54,
  -1.18,
  0.99,
  0,
  1.03,
  -1.18,
  0.99,
  -1.18,
  0.99,
  1.652,
  1.969,
  0,
  0.51,
  0,
  0.51,
  0,
  0.51,
  0,
  0.51,
  0,
  0.51,
  0.318,
  0.318,
  0.318,
  0.318,
  3.977,
  1.688,
  6.511,
  0.799,
  -1.813,
  2.014,
  -1.591,
  1.591,
  -1.3,
  1.725,
  -0.956,
  2.147,
  -1.073,
  1.652,
  -0.925,
  1.739,
  -1.046,
  1.74,
  -0.412,
  2.931,
  -1.089,
  2.048,
  -1.683,
  2.591,
  -1.416,
  2.903,
  -1.519,
  4.172,
  -2.075,
  4.888,
  -2.692,
  5.284,
  -2.65,
  5.683,
  -2.472,
  5.302,
  -3.478,
  5.157,
  -3.317,
  5.309,
  -2.76,
  5.192,
  -3.243,
  5.19,
  -2.644,
  5.938,
  -1.136,
  6.441,
  0.442,
  0.255,
  0.442,
  0.255,
  0.442,
  0.255,
  2.745,
  4.754,
  2.92,
  3.606,
  2.85,
  3.166,
  2.795,
  1.363,
  -0.788,
  -1.084,
  -0.788,
  -1.084,
  0,
  1.03,
  0,
  1.54,
  0,
  1.03,
  0,
  1.03,
  -1.18,
  0.99,
  -1.18,
  0.99,
  1.652,
  1.969,
  1.652,
  1.969,
  4.434,
  -2.458,
  0,
  0.51,
  0,
  0.51,
  0,
  0.51,
  5.932,
  -5.157,
  6.197,
  -4.67,
  7.208,
  -3.673,
  8.094,
  -3.27,
  -1.414,
  1.414,
  -1.554,
  1.259,
  -1.178,
  1.308,
  -0.766,
  1.382,
  -1.265,
  1.405,
  -0.663,
  1.727,
  -0.437,
  2.248,
  -0.324,
  2.307,
  -1.499,
  2.063,
  -1.583,
  2.1,
  -1.71,
  2.354,
  -1.547,
  2.79,
  -0.906,
  4.663,
  -1.589,
  4.614,
  -1.459,
  4.236,
  -1.387,
  4.27,
  -2.879,
  4.112,
  -2.174,
  4.458,
  -2.732,
  5.139,
  -2.81,
  5.761,
  -2.555,
  6.656,
  -1.618,
  7.61,
  -0.423,
  8.079,
  0.442,
  0.255,
  -1.844,
  6.431,
  1.369,
  5.492,
  1.521,
  3.417,
  -0.527,
  1.447,
  -0.527,
  1.447,
  -2.367,
  -1.986,
  -2.367,
  -1.986,
  0,
  1.03,
  0,
  0.51,
  2.235,
  -0.156,
  0,
  1.03,
  3.332,
  -0.233,
  0.04,
  0.769,
  1.652,
  1.969,
  1.652,
  1.969,
  5.721,
  -7.064,
  4.907,
  -7.853,
  4.169,
  -7.522,
  4.761,
  -6.799,
  4.581,
  -5.863,
  5.752,
  -4.494,
  6.174,
  -3.858,
  6.313,
  -3.357,
  -1.559,
  0.36,
  -1.107,
  0.719,
  -0.529,
  0.728,
  0.464,
  1.427,
  0.233,
  1.32,
  -0.67,
  2.688,
  -1.128,
  2.791,
  -0.89,
  0,
  -0.82,
  1.758,
  -1.31,
  2.269,
  -2.563,
  2.846,
  -0.318,
  0.318,
  0.948,
  -0.948,
  -1.77,
  4.17,
  -1.301,
  4.537,
  -1.426,
  4.141,
  -1.383,
  4.523,
  -1.277,
  5.123,
  -2.352,
  5.541,
  -2.455,
  5.266,
  -1.927,
  5.597,
  -1.323,
  5.729,
  -0.556,
  5.291,
  0.356,
  4.074,
  1.056,
  2.615,
  1.078,
  3.13,
  1.27,
  3.688,
  -0.527,
  1.447,
  -0.527,
  1.447,
  -2.367,
  -1.986,
  -2.367,
  -1.986,
  0,
  0.51,
  0,
  0.51,
  2.531,
  -0.446,
  4.62,
  -3.235,
  6.645,
  -5.007,
  5.093,
  -8.15,
  4.996,
  -7.135,
  4.507,
  -7.5,
  3.591,
  -8.459,
  3.936,
  -7.725,
  2.99,
  -6.715,
  3.854,
  -5.505,
  4.251,
  -4.402,
  4.496,
  -4.048,
  4.941,
  -3.333,
  4.839,
  -3.143,
  -2.088,
  -0.22,
  -2.165,
  -0.964,
  -0.643,
  -0.54,
  0.874,
  1.042,
  0.684,
  1.879,
  0.684,
  1.879,
  -0.07,
  1.999,
  -0.684,
  1.879,
  -0.684,
  1.879,
  -0.513,
  2.057,
  -0.318,
  -0.318,
  -0.318,
  0.318,
  0.948,
  -0.948,
  0.948,
  -0.948,
  -1.687,
  5.193,
  -2.1,
  5.77,
  -1.979,
  5.749,
  -2.674,
  5.248,
  -2.498,
  4.697,
  -1.683,
  4.623,
  -1.345,
  4.399,
  -2.02,
  3.965,
  -0.992,
  3.978,
  -1.158,
  4.037,
  0.154,
  4.407,
  -1.144,
  3.989,
  0.087,
  4.999,
  0.649,
  4.615,
  -0.075,
  4.269,
  -0.535,
  4.357,
  -2.345,
  -3.228,
  0,
  0.51,
  0,
  0.51,
  2.531,
  -0.446,
  2.531,
  -0.446,
  3.478,
  -7.459,
  3.3,
  -8.168,
  2.555,
  -8.911,
  2.342,
  -7.66,
  2.384,
  -6.55,
  2.941,
  -6.308,
  2.826,
  -5.315,
  2.915,
  -4.664,
  3.06,
  -3.646,
  2.998,
  -3.329,
  3.133,
  -2.629,
  3.546,
  -1.807,
  -1.466,
  1.747,
  -1.198,
  0.277,
  -0.23,
  0.86,
  1.13,
  1.614,
  0.684,
  1.879,
  0.684,
  1.879,
  0.619,
  0.885,
  -0.684,
  1.879,
  -0.684,
  1.879,
  3.161,
  -3.161,
  0,
  0.45,
  0,
  0.45,
  -3,
  5.196,
  -0.348,
  0.819,
  -0.868,
  4.924,
  -2.497,
  5.882,
  -2.529,
  4.963,
  -3.22,
  4.121,
  -2.868,
  4.096,
  -1.704,
  4.219,
  -2.598,
  3.325,
  -1.6,
  3.959,
  -1.943,
  3.814,
  -2.169,
  4.079,
  -2.74,
  4.746,
  -1.421,
  5.303,
  -0.58,
  5.52,
  -0.767,
  4.84,
  -1.101,
  4.415,
  0.498,
  4.06,
  -3.245,
  -1.583,
  0,
  0.51,
  0,
  0.51,
  2.531,
  -0.446,
  2.531,
  -0.446,
  1.148,
  -7.25,
  1.077,
  -7.665,
  1.954,
  -6.815,
  1.485,
  -6.431,
  1.39,
  -6.022,
  1.74,
  -5.354,
  2.117,
  -4.341,
  1.919,
  -4.115,
  1.93,
  -3.481,
  1.61,
  -2.904,
  2.26,
  -1.896,
  2.66,
  -0.614,
  -0.922,
  0.859,
  -0.292,
  1.091,
  -0.94,
  1.628,
  -0.057,
  1.639,
  -0.137,
  1.955,
  0.146,
  2.085,
  0.811,
  2.354,
  -1.2,
  2.826,
  -1.185,
  2.326,
  3.161,
  -3.161,
  3.161,
  -3.161,
  -0.908,
  2.638,
  -3,
  5.196,
  -3,
  5.196,
  -0.868,
  4.924,
  -0.868,
  4.924,
  -3.719,
  4.76,
  -3.155,
  4.505,
  -2.35,
  4.818,
  -2.857,
  4.236,
  -2.82,
  4.884,
  -2.734,
  4.21,
  -2.581,
  4.13,
  -3.015,
  4.001,
  -3.286,
  4.522,
  -2.206,
  5.461,
  -1.96,
  5.107,
  -1.81,
  4.715,
  -0.294,
  4.2,
  1.47,
  1.691,
  0,
  -5.01,
  0.446,
  -2.531,
  0.446,
  -2.531,
  0.446,
  -2.531,
  0.248,
  -7.096,
  -0.874,
  -7.117,
  0.181,
  -5.177,
  0.617,
  -5.022,
  0.081,
  -4.649,
  0,
  -4.9,
  1.246,
  -4.074,
  1.074,
  -3.12,
  1.464,
  -3.289,
  1.014,
  -3.119,
  0.953,
  -2.246,
  1.555,
  -1.305,
  1.737,
  -0.433
]