
[
  3.025,
  -2.723,
  3.73,
  -2.81,
  3.509,
  -3.051,
  3.969,
  -2.991,
  4.419,
  -2.98,
  6.684,
  -1.791,
  3.416,
  0.48,
  2.694,
  0.379,
  4.629,
  0.816,
  1.617,
  0.525,
  2.21,
  -0.039,
  4.44,
  0,
  3.117,
  -1.657,
  2.834,
  -1.985,
  2.799,
  -2.034,
  2.549,
  -2.064,
  2.375,
  -1.993,
  2.714,
  -1.696,
  3.11,
  -1.517,
  3.326,
  -1.92,
  1.532,
  1.286,
  1.532,
  1.286,
  1.532,
  1.286,
  1.532,
  1.286,
  -0.188,
  -1.337,
  -0.631,
  -1.238,
  -0.646,
  -0.669,
  0.875,
  -0.761,
  -0.102,
  -0.314,
  -1.319,
  -2.481,
  -0.406,
  -1.329,
  -0.211,
  -1.333,
  -0.103,
  0.448,
  -1.813,
  -0.159,
  -0.746,
  -0.364,
  0.026,
  -0.03,
  -0.294,
  -0.766,
  -1.03,
  -1.714,
  -2.28,
  -1.538,
  -1.34,
  -0.837,
  -1.446,
  0.36,
  -1.543,
  1.839,
  -5.202,
  1.591,
  -5.199,
  0.091,
  -4.931,
  0.431,
  -4.748,
  0.332,
  -4.379,
  0.306,
  3.108,
  -3.001,
  2.768,
  -3.674,
  5.111,
  -3.852,
  4.883,
  -1.874,
  3.811,
  -1.859,
  7.156,
  -0.25,
  4.251,
  -2.073,
  4.239,
  -0.074,
  7.451,
  1.448,
  4.893,
  -0.514,
  6.868,
  -0.843,
  3.861,
  0.27,
  3.127,
  -0.956,
  2.805,
  -1.249,
  2.273,
  -1.42,
  2.338,
  -1.35,
  2.695,
  -0.722,
  1.979,
  -0.208,
  2.02,
  -0.735,
  2.764,
  -0.845,
  2.073,
  -1.149,
  1.532,
  1.286,
  1.532,
  1.286,
  0.596,
  -1.73,
  -0.042,
  -0.809,
  0.162,
  -0.65,
  -0.499,
  -0.901,
  -1.09,
  -1.888,
  -0.725,
  -2.372,
  -0.745,
  -1.461,
  0.105,
  -1.496,
  0.043,
  -2.49,
  -0.647,
  -4.605,
  -0.45,
  -3.199,
  -0.408,
  0.036,
  -0.328,
  -1.144,
  -1.035,
  -2.031,
  -2.088,
  -0.22,
  -1.229,
  -0.86,
  -0.112,
  0.913,
  -0.32,
  3.043,
  -1.33,
  2.987,
  -4.519,
  -0.316,
  -5.281,
  -0.555,
  -4.988,
  -0.79,
  -5.52,
  0,
  -4.93,
  1.138,
  4.996,
  -3.903,
  4.757,
  -2.858,
  4.75,
  -2.115,
  4.84,
  -2.257,
  4.629,
  -2.258,
  6.358,
  -2.44,
  6.657,
  -1.174,
  10.383,
  1.091,
  9.878,
  1.742,
  8.525,
  0.298,
  7.999,
  0.419,
  5.846,
  -0.718,
  5.22,
  -1.302,
  4.303,
  -1.316,
  2.553,
  -1.722,
  2.568,
  -1.09,
  1.855,
  -0.497,
  0.756,
  -0.147,
  1.449,
  0.178,
  0.954,
  -1.526,
  1.979,
  -0.069,
  2.035,
  0.322,
  0.475,
  -0.823,
  0.586,
  -0.072,
  -0.404,
  -0.759,
  0.112,
  -1.064,
  0.229,
  -1.178,
  -0.662,
  0.309,
  -1.989,
  -0.608,
  -1.082,
  0.133,
  -1.699,
  -0.652,
  -0.961,
  0.24,
  -0.378,
  -0.13,
  -1.011,
  1.342,
  -2.66,
  -3.404,
  -2.569,
  -1.366,
  -0.928,
  -0.147,
  -1.23,
  0.353,
  -2.137,
  1.793,
  -4.626,
  4.022,
  -4.877,
  1.97,
  -3.576,
  0.826,
  -3.585,
  -0.504,
  -4.949,
  -1.052,
  -4.854,
  -0.596,
  -5.1,
  0,
  -5.072,
  0.894,
  5.81,
  -2.587,
  3.705,
  -2.692,
  4.264,
  -1.468,
  3.345,
  -0.959,
  3.749,
  0.065,
  5.931,
  1.701,
  4.687,
  1.082,
  3.506,
  -0.555,
  3.87,
  0,
  1.999,
  -0.536,
  5.838,
  0.511,
  5.02,
  0,
  3.819,
  -0.067,
  3.397,
  -1.657,
  2.255,
  -1.521,
  1.575,
  -1.689,
  1.463,
  -1.364,
  1.084,
  -1.204,
  0.234,
  -0.681,
  1.402,
  0.684,
  1.402,
  -0.684,
  1.427,
  -1.701,
  0.789,
  -1.859,
  0.342,
  -0.94,
  0.166,
  -1.35,
  0.031,
  -1.76,
  0.682,
  -1.011,
  -0.334,
  -1.718,
  -0.814,
  -1.354,
  -1.401,
  -0.945,
  -1.01,
  -0.018,
  -1.32,
  -0.162,
  -5.505,
  1.271,
  -3.564,
  0.955,
  -3.802,
  -2.865,
  -6.192,
  -3.432,
  -9.051,
  -1.759,
  -8.3,
  0,
  -6.704,
  0.942,
  -5.672,
  0.297,
  -5.002,
  -0.614,
  -4.248,
  -0.981,
  -4.623,
  -0.899,
  -5.065,
  -0.985,
  -5.417,
  -0.379,
  -4.644,
  0.488,
  -4.192,
  1.045,
  6.223,
  -0.764,
  7.031,
  -0.988,
  3.637,
  -2.945,
  4.463,
  -1.113,
  3.101,
  1.58,
  1.837,
  0.096,
  2.139,
  -1.043,
  3.248,
  -2.631,
  2.911,
  -0.409,
  0.286,
  0.458,
  3.137,
  2.197,
  2.531,
  1.772,
  0.667,
  0.058,
  1.003,
  -0.426,
  1.32,
  -0.403,
  0.624,
  -0.562,
  0,
  1,
  0,
  1,
  0,
  1,
  1.169,
  -0.675,
  0.364,
  -1.578,
  0.375,
  -2.127,
  0.064,
  -1.839,
  -0.214,
  -0.528,
  0.675,
  -1.04,
  -0.474,
  -2.23,
  0.216,
  -4.114,
  1.187,
  -1.634,
  -0.319,
  -1.384,
  -0.346,
  -2.183,
  -1.806,
  1.685,
  -5.087,
  1.752,
  -5.826,
  -0.407,
  -4.618,
  -2.455,
  -4.088,
  -3.31,
  -3.155,
  -1.971,
  -3.397,
  -1.442,
  -4.705,
  -2.095,
  -4.842,
  -2.055,
  -5.239,
  -2.117,
  -5.484,
  -1.888,
  -4.636,
  -1.873,
  -5.041,
  -1.638,
  -4.969,
  -1.147,
  -4.963,
  -0.609,
  -4.695,
  0.576,
  -3.928,
  1.749,
  3.426,
  -1.315,
  4.153,
  -1.191,
  3.905,
  -0.342,
  2.533,
  1.645,
  1.635,
  1.062,
  0.678,
  1.678,
  -0.271,
  1.931,
  3.27,
  1.666,
  2.329,
  -0.538,
  1.462,
  0.651,
  1.676,
  0.387,
  1.257,
  0.29,
  0.928,
  -0.065,
  0.421,
  -0.354,
  0.558,
  -0.769,
  1.023,
  0.664,
  0,
  1,
  0,
  1,
  0,
  1,
  0.54,
  -1.015,
  -0.137,
  -1.303,
  0.665,
  -0.665,
  0.242,
  -1.531,
  0.386,
  -1.439,
  0.145,
  -1.181,
  -1.996,
  -1.017,
  -0.266,
  0.658,
  -1.129,
  -1.806,
  1.278,
  -1.151,
  0.448,
  -0.199,
  1.697,
  1.582,
  2.737,
  -2.737,
  0.549,
  -6.276,
  -1.873,
  -4.636,
  -3.81,
  -3.553,
  -2.843,
  -2.142,
  -2.941,
  -1.129,
  -2.443,
  -0.889,
  -2.38,
  -1.859,
  -4.295,
  -2.188,
  -4.96,
  -2.004,
  -4.568,
  -2.13,
  -5.04,
  -1.735,
  -4.95,
  -1.143,
  -3.87,
  0,
  -4.162,
  1.194,
  -3.784,
  1.846,
  0.11,
  1.566,
  3.377,
  0.295,
  1.457,
  1.266,
  1.574,
  0.668,
  0.322,
  0.936,
  0.146,
  0.633,
  0.845,
  1.813,
  2.049,
  0.828,
  1.822,
  0.321,
  1.965,
  0.241,
  1.526,
  0.409,
  1.27,
  -0.513,
  0.998,
  -0.648,
  0.855,
  -0.436,
  1.048,
  0.423,
  0.445,
  -2.287,
  0.311,
  -1.086,
  -0.018,
  -1.04,
  -0.114,
  -1.084,
  -0.134,
  -0.951,
  0.89,
  -0.556,
  0.09,
  -0.359,
  -0.043,
  -0.025,
  0.163,
  -0.567,
  -1.215,
  -1.87,
  -0.123,
  -1.756,
  0.467,
  -1.436,
  -0.917,
  -1.36,
  1.538,
  -0.189,
  0.812,
  -1.25,
  2.772,
  -2.585,
  0.49,
  -7.013,
  -0.853,
  -5.383,
  -1.337,
  -3.674,
  -2.611,
  -3.872,
  -3.099,
  -2.79,
  -2.725,
  -1.157,
  -2.547,
  -0.73,
  -1.855,
  -0.567,
  -2.313,
  -1.56,
  -3.737,
  -1.51,
  -4.575,
  -1.486,
  -4.527,
  -1.471,
  -4.085,
  -1.018,
  -2.793,
  -0.392,
  -2.749,
  0.338,
  -2.329,
  0.581,
  1.699,
  1.234,
  1.568,
  1.869,
  1.026,
  2.819,
  1.026,
  2.819,
  1.026,
  2.819,
  0.631,
  1.238,
  0.931,
  1.827,
  0.482,
  1.484,
  1.445,
  1.496,
  1.407,
  0.098,
  1.389,
  0.618,
  1.135,
  0.391,
  1.125,
  -0.239,
  1.269,
  -1.882,
  -0.717,
  -2.676,
  -0.973,
  -0.632,
  0.503,
  -0.746,
  -0.573,
  -0.707,
  0.717,
  -0.668,
  0.386,
  -0.572,
  0.592,
  -0.552,
  0.163,
  -2.334,
  -0.951,
  -1.409,
  0.022,
  -1.24,
  -1.253,
  -0.878,
  -0.658,
  -0.658,
  0.96,
  -0.017,
  1.026,
  0.861,
  1.39,
  0.708,
  2.709,
  -0.576,
  -0.321,
  -6.122,
  0,
  -5.25,
  -1.004,
  -4.724,
  -1.169,
  -4.076,
  -2.294,
  -3.277,
  -2.869,
  -2.583,
  -2.66,
  -1.298,
  -1.81,
  -1.004,
  -2.248,
  -0.316,
  -2.002,
  -0.729,
  -2.798,
  -1.188,
  -4.038,
  -1.082,
  -3.149,
  -1.084,
  -3.21,
  -0.566,
  -2.59,
  -0.045,
  -1.941,
  0.484,
  -1.942,
  0.557,
  2.763,
  -1.116,
  1.338,
  1.248,
  1.311,
  0.952,
  1.026,
  2.819,
  1.026,
  2.819,
  2.24,
  0,
  2.24,
  0,
  1.586,
  0.991,
  2.038,
  1.13,
  1.789,
  0.872,
  3.574,
  -0.958,
  3.489,
  -1.627,
  2.445,
  -2.201,
  0.397,
  -2.822,
  0.249,
  -0.999,
  -0.442,
  0.188,
  0.39,
  0.225,
  0.416,
  1.029,
  -0.104,
  0.844,
  -0.31,
  0.005,
  -0.262,
  -0.302,
  -0.268,
  0.297,
  -1.038,
  -0.42,
  -1.55,
  -0.595,
  -1.28,
  0.226,
  0.826,
  1.622,
  0.258,
  0.553,
  -0.889,
  2.443,
  -0.024,
  0.449,
  -1.418,
  -5.293,
  -0.999,
  -4.326,
  -1.123,
  -4.192,
  -1.292,
  -3.975,
  -1.397,
  -3.458,
  -2.537,
  -2.721,
  -2.443,
  -1.909,
  -2.359,
  -1.652,
  -1.985,
  -1.725,
  -2.437,
  -0.935,
  -2.228,
  -0.433,
  -2.753,
  -0.738,
  -3.368,
  -0.533,
  -2.202,
  0.193,
  -1.696,
  0.119,
  -1.999,
  0.21,
  -1.521,
  -0.241,
  -2.248,
  0.316,
  1.869,
  1.358,
  0.668,
  1.069,
  1.232,
  -0.262,
  1.627,
  0.902,
  2.24,
  0,
  1.286,
  1.532,
  2.24,
  0,
  2.993,
  0.915,
  3.018,
  0.866,
  4.749,
  -0.083,
  4.22,
  -0.295,
  3.256,
  -0.4,
  1.852,
  -2.851,
  3,
  0,
  0.662,
  0.639,
  -0.999,
  2.049,
  -0.702,
  4.435,
  2.113,
  -1.48,
  1.204,
  -2.704,
  0.142,
  -0.614,
  -1.111,
  -0.256,
  -0.996,
  0.363,
  -1.728,
  -0.091,
  -1.798,
  0.094,
  0.264,
  0.056,
  0.944,
  0.46,
  2.31,
  4.001,
  -1.103,
  -1.103,
  -3.051,
  -2.299,
  -2.604,
  -2.515,
  -1.756,
  -2.923,
  -1.564,
  -3.353,
  -2.09,
  -3.62,
  -2.117,
  -3.523,
  -2.365,
  -2.819,
  -2.49,
  -2.242,
  -3.014,
  -2.111,
  -2.888,
  -2.098,
  -2.829,
  -1.7,
  -2.884,
  -1.165,
  -3.071,
  -1.179,
  -2.763,
  -0.388,
  -1.638,
  0.086,
  -0.884,
  -0.254,
  -1.11,
  0,
  -1.545,
  0.217,
  -1.394,
  0.4,
  1.512,
  0.581,
  0.209,
  -0.022,
  0.594,
  0.95,
  1.348,
  1.396,
  1.286,
  1.532,
  1.286,
  1.532,
  1.286,
  1.532,
  2.643,
  2.935,
  3.97,
  3.451,
  4.321,
  1.924,
  4.109,
  0.072,
  3.554,
  -1.582,
  3,
  0,
  3,
  0,
  3,
  0,
  0.91,
  1.576,
  3.021,
  -0.697,
  1.665,
  -2.884,
  -0.431,
  -3.514,
  1.38,
  -2.596,
  1.305,
  -2.455,
  -0.405,
  -1.055,
  -1.419,
  -0.174,
  -1.7,
  -0.03,
  -0.633,
  0.322,
  0.735,
  -0.554,
  3.329,
  1.77,
  3.833,
  1.245,
  2.01,
  0.035,
  -1.852,
  -3.635,
  -1.628,
  -4.473,
  -1.7,
  -4.67,
  -2.265,
  -4.446,
  -2.5,
  -3.849,
  -2.428,
  -3.341,
  -2.694,
  -2.889,
  -3.53,
  -2.66,
  -3.081,
  -2.407,
  -3.761,
  -2,
  -3.443,
  -1.831,
  -3.274,
  -0.877,
  -2.402,
  -0.295,
  -1.97,
  0.034,
  -1.67,
  0,
  -1.467,
  -0.312,
  -1.54,
  0,
  -2.027,
  -0.106,
  -0.068,
  0.384,
  0.151,
  0.466,
  0.16,
  0.825,
  0.133,
  1.263,
  0.568,
  1.56,
  1.13,
  2.038,
  1.786,
  4.01,
  2.815,
  3.875,
  3.182,
  3.66,
  3.912,
  1.993,
  3.191,
  2.493,
  3.799,
  4.074,
  3,
  0,
  3,
  0,
  3,
  0,
  2.744,
  1.398,
  3.196,
  -1.1,
  1.702,
  -3.07,
  0.89,
  -3.105,
  0.162,
  -4.637,
  -0.735,
  -2.02,
  0.365,
  -1.195,
  -1.014,
  -0.979,
  -0.934,
  0.654,
  -1.325,
  0.765,
  -0.779,
  1.466,
  -0.729,
  -0.128,
  1.652,
  1.969,
  1.652,
  1.969,
  -2.396,
  -5.139,
  -2.266,
  -5.088,
  -2.511,
  -4.927,
  -2.755,
  -4.586,
  -2.986,
  -4.11,
  -3.121,
  -3.855,
  -3.444,
  -3.444,
  -3.743,
  -3.254,
  -3.762,
  -2.835,
  -4.2,
  -2.425,
  -4.096,
  -1.739,
  -3.538,
  -1.082,
  -3.089,
  -0.713,
  -3.338,
  -0.117,
  -2.97,
  0,
  -3.026,
  0.159,
  -2.614,
  0.367,
  -3.404,
  0.418,
  0.047,
  1.349,
  -0.34,
  1.046,
  0,
  1.18,
  0.123,
  1.756,
  0.778,
  1.294,
  1.299,
  1.345,
  1.746,
  2.403,
  2.112,
  2.703,
  2.26,
  2.107,
  2.359,
  2.811,
  2.357,
  3.367,
  3.14,
  3.14,
  3.092,
  2.086,
  3.681,
  2.125,
  2.544,
  2.728,
  1.986,
  2.367,
  1.775,
  -3.338,
  1.407,
  -3.314,
  0.881,
  -3.532,
  0.554,
  -3.941,
  -1.105,
  -1.994,
  -0.387,
  -1.008,
  0.551,
  -0.344,
  0.089,
  0.502,
  0.089,
  0.502,
  -0.717,
  0.56,
  1.652,
  1.969,
  1.652,
  1.969,
  1.652,
  1.969,
  -2.48,
  -6.46,
  -2.801,
  -5.498,
  -3.767,
  -4.489,
  -3.801,
  -4.221,
  -4.143,
  -4.001,
  -4.242,
  -3.956,
  -4.162,
  -3.747,
  -4.765,
  -3.462,
  -4.8,
  -2.884,
  -4.713,
  -2.198,
  -4.926,
  -1.601,
  -4.431,
  -0.942,
  -4.244,
  -0.371,
  -4.589,
  -0.08,
  -4.264,
  0.373,
  -4.136,
  0.729,
  -3.328,
  0.83,
  -3.265,
  -0.401,
  0.057,
  1.089,
  -0.543,
  1.894,
  -0.48,
  2.26,
  0.79,
  1.426,
  1.605,
  1.605,
  2.094,
  0.976,
  2.128,
  1.131,
  2.139,
  0.997,
  2.687,
  2.099,
  2.841,
  2.942,
  2.179,
  2.891,
  0.977,
  1.085,
  0.494,
  0.68,
  1.954,
  1.174,
  2.427,
  1.763,
  2.737,
  -1.455,
  1.897,
  -3.567,
  1.477,
  -3.48,
  0.772,
  -3.342,
  1.206,
  -2.986,
  0.805,
  -3.004,
  0.693,
  -1.486,
  0.391,
  0.328,
  0.391,
  0.328,
  0.089,
  -0.502,
  0.089,
  -0.502,
  -1.066,
  -0.093,
  1.652,
  1.969,
  1.652,
  1.969,
  -1.186,
  -6.726,
  -3.131,
  -5.212,
  -4.349,
  -4.503,
  -4.779,
  -3.87,
  -5.316,
  -3.723,
  -5.504,
  -3.439,
  -5.418,
  -3.518,
  -5.504,
  -3.439,
  -5.449,
  -3.02,
  -5.376,
  -2.282,
  -5.507,
  -1.171,
  -5.41,
  -0.569,
  -5.44,
  0,
  -5.477,
  0.383,
  -5.274,
  0.835,
  -4.734,
  0.248,
  -5.768,
  0.505,
  -5.839,
  -0.102,
  0.245,
  0.503,
  0.257,
  1.458,
  0.524,
  1.124,
  0.626,
  1.548,
  1.201,
  1.16,
  1.541,
  0.718,
  1.785,
  0.65,
  2.121,
  1.035,
  2.196,
  1.655,
  2.106,
  2.795,
  1.174,
  1.351,
  0.609,
  1.673,
  0.746,
  -0.604,
  0.873,
  -0.546,
  1.202,
  -1.244,
  1.673,
  -1.925,
  1.578,
  -3.236,
  2.197,
  -2.915,
  2.322,
  -2.868,
  1.464,
  -2.641,
  2.293,
  -1.856,
  1.273,
  -1.187,
  0.391,
  0.328,
  1.452,
  -0.805,
  -1.24,
  -0.451,
  -1.334,
  0.77,
  -1.334,
  0.77,
  -1.039,
  -0.968,
  -0.515,
  0.219,
  2.129,
  -2.056,
  -3.804,
  -3.804,
  -5.487,
  -3.429,
  -5.962,
  -3.725,
  -6.577,
  -3.646,
  -6.71,
  -3.568,
  -6.815,
  -3.178,
  -6.729,
  -2.856,
  -6.259,
  -2.657,
  -6.052,
  -2.203,
  -6.008,
  -1.168,
  -6.326,
  -0.221,
  -6.479,
  0.113,
  -6.094,
  0.748,
  -0.358,
  -2.029,
  -2.27,
  0.04,
  -1.256,
  -1.131,
  -0.24,
  -3.432,
  -0.244,
  0.751,
  -0.02,
  0.389,
  0.102,
  1.456,
  -0.36,
  1.692,
  0.166,
  1.581,
  0.595,
  2.076,
  0.548,
  1.428,
  0,
  1.95,
  1.52,
  2.34,
  1.775,
  2.443,
  0.684,
  1.879,
  0.684,
  1.879,
  0.684,
  1.879,
  1.397,
  -1.608,
  1.443,
  -2.222,
  1.845,
  -2.736,
  2.063,
  -2.84,
  1.946,
  -2.885,
  1.966,
  -3.028,
  2.585,
  -2.019,
  2.874,
  -0.824,
  2.114,
  0.335,
  0.866,
  0.48,
  -0.154,
  0.538,
  -0.968,
  0.352,
  -1.334,
  0.77,
  -1.334,
  0.77,
  0.51,
  0,
  -0.395,
  0.368,
  -2.837,
  -1.705,
  -5.054,
  -2.145,
  -6.815,
  -2.616,
  -7.833,
  -3.007,
  -7.833,
  -3.325,
  -7.927,
  -3.203,
  -7.723,
  -3.12,
  -7.697,
  -2.65,
  -7.363,
  -2.111,
  -6.646,
  -1.781,
  -6.204,
  -1.094,
  -6.616,
  0.231,
  -6.806,
  -0.238,
  -0.358,
  -2.029,
  -0.358,
  -2.029,
  -0.505,
  -2.866,
  -1.833,
  -2.036,
  0.784,
  0.4,
  -0.336,
  0.659,
  -0.38,
  1.42,
  0.172,
  2.464,
  0.709,
  2.647,
  1.686,
  1.318,
  0.439,
  1.351,
  1.15,
  0.899,
  -0.1,
  0.814,
  -0.584,
  1.522,
  0.522,
  1.607,
  0.684,
  1.879,
  0.684,
  1.879,
  0.684,
  1.879,
  0.128,
  -2.447,
  0.272,
  -3.108,
  -0.323,
  -3.073,
  0.153,
  -2.916,
  -0.61,
  -2.641,
  -0.95,
  -1.645,
  0.787,
  -0.971,
  2.174,
  1.255,
  2.164,
  2.164,
  0.714,
  2.197,
  0.179,
  2.042,
  -0.153,
  -0.095,
  -0.859,
  -0.045,
  0.51,
  0,
  0.51,
  0,
  0.51,
  0,
  -2.798,
  -0.544,
  -6.44,
  -1.02,
  -8.519,
  -1.502,
  -9.734,
  -2.247,
  -9.488,
  -2.721,
  -9.171,
  -2.804,
  -9.635,
  -2.402,
  0,
  1.03,
  0,
  1.03,
  -7.735,
  -1.504,
  -6.665,
  -1.786,
  -3.641,
  0.255,
  -0.488,
  -3.476,
  -0.358,
  -2.029,
  -0.358,
  -2.029,
  -0.358,
  -2.029,
  0.245,
  0.377,
  0.245,
  0.377,
  -0.818,
  0.266,
  -0.026,
  1.47,
  0.831,
  2.283,
  1.24,
  2.148,
  1.446,
  1.724,
  1.17,
  1.497,
  1.221,
  0.954,
  -0.029,
  1.68,
  -0.743,
  0.56,
  0.037,
  1.069,
  -1.27,
  0.513,
  -0.489,
  0.034,
  -1.088,
  -0.913,
  -1.475,
  -1.424,
  -0.866,
  -1.946,
  -0.788,
  -2.425,
  -1.18,
  -2.317,
  -1.043,
  -2.717,
  -2.041,
  -3.026,
  1.139,
  -0.437,
  0.402,
  3.275,
  -0.276,
  3.95,
  0.089,
  -0.502,
  0.089,
  -0.502,
  0.428,
  0.528,
  -1.8,
  0.031,
  0.675,
  1.169,
  0.51,
  0,
  0.51,
  0,
  0.51,
  0,
  -6.804,
  -0.595,
  -8.18,
  -2.039,
  -8.636,
  -2.153,
  -8.259,
  -2.213,
  -6.121,
  -2.985,
  0,
  1.03,
  0,
  1.03,
  0,
  1.03,
  0,
  1.03,
  -0.839,
  -2.077,
  -0.281,
  -1.32,
  0.794,
  -2.444,
  -1.422,
  -1.152,
  -0.472,
  1.297,
  -1.183,
  2.134,
  -1.57,
  0.54,
  -0.51,
  -0.206,
  -0.87,
  0.841,
  0.093,
  1.768,
  0.629,
  0.629,
  0.629,
  0.629,
  2.008,
  2.976,
  1.181,
  1.181,
  0.552,
  1.438,
  -0.109,
  1.245,
  -1.328,
  1.155,
  -2.119,
  0.813,
  -1.161,
  -0.143,
  -0.579,
  -0.715,
  -0.252,
  -1.59,
  -1.931,
  -2,
  -2.839,
  -2.556,
  -2.731,
  -2.058,
  -2.513,
  -1.015,
  -3.728,
  -1.211,
  -2.201,
  -0.631,
  -4.563,
  0.399,
  -2.472,
  3.664,
  -2.915,
  4.013,
  0.089,
  -0.502,
  0.089,
  -0.502,
  0.089,
  -0.502,
  -1.093,
  0.606,
  -1.416,
  3.505,
  0.51,
  0,
  0.51,
  0,
  0.51,
  0,
  -6.044,
  -1.848,
  -5.398,
  -4.217,
  -3.415,
  -3.415,
  -3.77,
  -2.09,
  -3.66,
  -2.964,
  -2.223,
  -2.384,
  0,
  1.03,
  -0.644,
  0.6,
  -0.263,
  1.14,
  -0.566,
  1.645,
  -0.39,
  -0.225,
  -0.689,
  0.579,
  -1.072,
  0.287,
  -1.447,
  0.527,
  -1.447,
  0.527,
  0.225,
  0.39,
  -0.225,
  0.39,
  -0.742,
  0.742,
  -0.234,
  1.906,
  0.629,
  0.629,
  0.629,
  0.629,
  0.629,
  0.629,
  2.092,
  1.951,
  0.341,
  2.153,
  0,
  2.04,
  -1.105,
  0.563,
  -0.985,
  -0.77,
  -1.153,
  -1.153,
  -1.635,
  -0.595,
  -0.967,
  -1.898,
  -2.015,
  -2.015,
  -4.245,
  -0.902,
  -3.439,
  0.06,
  -4.589,
  -0.321,
  -5.419,
  0.665,
  -7.491,
  -0.655,
  -7.784,
  1.513,
  -5.207,
  3.924,
  -4.53,
  5.031,
  0.089,
  -0.502,
  0.089,
  -0.502,
  -5.3,
  3.06,
  -8.026,
  3.915,
  -9.397,
  3.42,
  -8.358,
  2.878,
  -6.713,
  1.55,
  -6.145,
  -1.084,
  -8.113,
  -3.114,
  -7.251,
  -4.531,
  -5.248,
  -4.1,
  -2.029,
  -0.358,
  0.442,
  0.086,
  0.442,
  0.086,
  -0.898,
  0.652,
  -2.001,
  2.302,
  -5.443,
  2.199,
  1.784,
  1.03,
  -2.904,
  1.057,
  -2.904,
  1.057,
  -1.439,
  -1.598,
  -1.447,
  0.527,
  -1.447,
  0.527,
  0.225,
  0.39,
  -0.225,
  0.39,
  -0.039,
  0.318,
  -0.026,
  1.48,
  0.629,
  0.629,
  0.629,
  0.629,
  1.915,
  2.451,
  2.333,
  2.987,
  0.699,
  2.286,
  0.225,
  1.836,
  -1.58,
  0,
  -1.498,
  -0.667,
  -1.758,
  -0.278,
  -1.746,
  -0.67,
  -1.978,
  -0.457,
  -2.541,
  -2.058,
  -3.743,
  -0.593,
  -3.931,
  0.623,
  -4.46,
  1.279,
  -4,
  2.127,
  -6.404,
  0.448,
  -8.435,
  1.336,
  -9.067,
  1.927,
  -7.602,
  2.618,
  -10.015,
  1.053,
  -6.588,
  1.162,
  -8.999,
  1.913,
  -8.228,
  2.359,
  -8.148,
  1.732,
  -7.465,
  1.316,
  -7.849,
  1.384,
  -6.155,
  1.196,
  0,
  0.51,
  0,
  0.51,
  0,
  5.66,
  -2.029,
  -0.358,
  -2.029,
  -0.358,
  -0.446,
  -0.063,
  -0.446,
  -0.063,
  -0.819,
  -2.678,
  -0.24,
  -2.287,
  1.784,
  1.03,
  1.784,
  1.03,
  -2.904,
  1.057,
  -0.408,
  0.836,
  -2.473,
  0.803,
  -7.176,
  -0.881,
  -8.06,
  0,
  -7.936,
  0.834,
  0.728,
  0.656,
  0.866,
  1.946,
  1.561,
  2.816,
  2.363,
  3.252,
  2.938,
  3.501,
  2.14,
  2.642,
  1.092,
  1.817,
  -0.766,
  1.382,
  -1.408,
  0.598,
  -1.73,
  0.496,
  -1.836,
  0.225,
  -2.235,
  0.156,
  -2.2,
  0,
  -2.865,
  0.661,
  -1.283,
  1.115,
  -2.763,
  1.116,
  -3.498,
  1.939,
  -2.052,
  4.206,
  -4.407,
  1.604,
  -6.781,
  -0.355,
  -7.249,
  -0.127,
  -6.37,
  0,
  -6.588,
  1.162,
  -6.588,
  1.162,
  -6.588,
  1.162,
  -6.614,
  0.462,
  -6.686,
  0.233,
  -6.249,
  0.109,
  -4.153,
  -1.035,
  -1.124,
  -1.666,
  0,
  0.51,
  0,
  0.51,
  0,
  5.66,
  0,
  5.66,
  -2.404,
  -7.399,
  -0.446,
  -0.063,
  -0.446,
  -0.063,
  0.493,
  2.134,
  -1.376,
  2.7,
  -0.413,
  3.928,
  -7.083,
  -0.495,
  -5.929,
  1.152,
  -7.481,
  0.655,
  -8.095,
  -0.283,
  -8.739,
  0.153,
  -8.514,
  1.348,
  -8.13,
  1.143,
  1.03,
  1.144,
  1.146,
  2.154,
  1.842,
  3.324,
  2.463,
  3.39,
  3.543,
  3.669,
  2.518,
  2.431,
  1.612,
  1.612,
  1.597,
  0.581,
  -0.406,
  0.87,
  -1.548,
  0.626,
  -2.016,
  0.655,
  -2.005,
  0.246,
  -2.62,
  -0.229,
  -2.795,
  0.443,
  -2.332,
  1.457,
  -2.248,
  2.497,
  -2.87,
  2.772,
  -1.279,
  4.772,
  -0.614,
  5.002,
  -5.33,
  0,
  -7.259,
  -1.02,
  -8.456,
  -1.038,
  -9.474,
  -0.331,
  -6.588,
  1.162,
  -5.907,
  0.517,
  -4.461,
  -2.787,
  -3.917,
  -4.506,
  -2.465,
  -4.635,
  -2.43,
  -5.726,
  -3.168,
  -3.168,
  0.358,
  2.029,
  0.358,
  2.029,
  -1.251,
  -0.48,
  -1.251,
  -0.48,
  -0.285,
  -3.258,
  -4.208,
  -0.666,
  -1.454,
  0.617,
  -6.652,
  1.907,
  -5.891,
  2.501,
  -7.159,
  0.125,
  -8.54,
  0,
  -9.517,
  -0.499,
  -9.534,
  0.333,
  -8.893,
  1.25,
  -8.627,
  1.834,
  -9.09,
  1.603,
  -9.129,
  1.775,
  1.689,
  1.015,
  1.626,
  3.335,
  1.772,
  2.531,
  3.14,
  3.251,
  3.59,
  2.907,
  4.235,
  2.75,
  2.182,
  1.26,
  0,
  0.45,
  1.338,
  1.292,
  -0.7,
  0.269,
  -1.197,
  -0.084,
  -1.597,
  -0.488,
  -2.083,
  -0.677,
  -1.504,
  -0.375,
  -1.98,
  0.605,
  -1.718,
  2.199,
  -2.645,
  3.921,
  -0.667,
  5.429,
  -0.988,
  -0.461,
  -2.875,
  -1.104,
  -4.473,
  -0.391,
  -7.023,
  -0.614,
  -6.866,
  -0.24,
  -4.943,
  1.799,
  -6.516,
  0.228,
  -6.589,
  -2.014,
  -4.933,
  -2.734,
  -6.932,
  -7.699,
  -6.295,
  -8.354,
  -3.118,
  -3.118,
  -3.677,
  -3.085,
  -4.47,
  0,
  -4.47,
  0,
  -1.251,
  -0.48,
  -4.093,
  -1.251,
  -4.768,
  -2.024,
  -6.955,
  -1.478,
  -7.21,
  -0.758,
  -8.445,
  0.295,
  -8.499,
  -0.594,
  -9.112,
  -1.119,
  -9.378,
  -0.986,
  -9.339,
  0.163,
  -8.786,
  0.769,
  -8.908,
  0.467,
  -9.38,
  1.152,
  -9.464,
  1.669,
  0.91,
  -0.016,
  1.535,
  -1.766,
  3.811,
  1.54,
  4.198,
  2.327,
  4.698,
  1.71,
  4.698,
  1.71,
  4.314,
  0.917,
  2.819,
  1.026,
  2.819,
  1.026,
  2.033,
  -0.7,
  0.357,
  -1.333,
  -1.321,
  -1.07,
  -1.071,
  -0.644,
  -1.235,
  0.196,
  -1.028,
  1.226,
  -0.502,
  2.582,
  -0.42,
  2.991,
  0.828,
  3.586,
  -0.38,
  0.355,
  -1.965,
  -0.137,
  -3.859,
  0.406,
  -4.239,
  1.887,
  -4.866,
  3.282,
  -7.057,
  2.569,
  -8.823,
  -1.875,
  -8.141,
  -2.645,
  -9.114,
  -4.445,
  -9.087,
  -5.037,
  -8.871,
  -5.543,
  -10.97,
  -4.211,
  -7.329,
  -1.161,
  -2.382,
  0.292,
  -2.073,
  0.674,
  -3.472,
  3.018,
  -4.635,
  -0.569,
  -7.256,
  -0.891,
  -8.439,
  0.59,
  -7.859,
  -0.412,
  -8.292,
  -1.914,
  -9.003,
  -2.079,
  -10.111,
  -1.421,
  -10.23,
  0,
  -9.844,
  0.344,
  -9.694,
  0.339,
  -9.447,
  0.661,
  -9.537,
  0.667,
  -9.787,
  1.202,
  -1.04,
  1.801,
  1.051,
  1.298,
  1.166,
  0.757,
  3.266,
  1.962,
  4.698,
  1.71,
  4.698,
  1.71,
  4.635,
  2.465,
  2.819,
  1.026,
  2.819,
  1.026,
  2.577,
  -0.989,
  4.069,
  -0.645,
  1.75,
  -0.535,
  0,
  1,
  -0.987,
  -0.57,
  0,
  1,
  -0.192,
  1.215,
  -0.117,
  2.227,
  0.722,
  2.695,
  0.595,
  1.635,
  -0.061,
  -0.034,
  -3.047,
  2.134,
  -3.174,
  5.08,
  -2.702,
  7.039,
  -7.144,
  -3.181,
  -8.735,
  -7.074,
  -10.358,
  -7.806,
  -11.795,
  -6.81,
  -12.464,
  -5.29,
  -11.849,
  -4.787,
  -10.958,
  -3.142,
  -10.602,
  -2.061,
  -6.843,
  0.479,
  -1.933,
  1.456,
  -6.498,
  1.263,
  -8.57,
  0,
  -7.935,
  -0.277,
  -7.52,
  -1.875,
  -7.64,
  -2.631,
  -8.284,
  -2.692,
  -8.935,
  -2.394,
  -9.318,
  -1.31,
  -9.912,
  -0.867,
  -9.984,
  -0.349,
  -9.934,
  0.347,
  -9.844,
  0.344,
  -9.307,
  0.651,
  -10.225,
  0.715,
  1.058,
  2.375,
  0.735,
  0.845,
  0.456,
  0.979,
  0.527,
  1.372,
  0.736,
  0.909,
  1.948,
  2.241,
  3.31,
  1.075,
  3.998,
  -0.14,
  4.204,
  -0.368,
  3.026,
  -0.159,
  3.081,
  -0.655,
  1.452,
  -0.74,
  0,
  1,
  0,
  1,
  0,
  1,
  0,
  1,
  -0.058,
  1.669,
  0.394,
  2.236,
  1.09,
  1.888,
  2.874,
  0.664,
  1.184,
  1.315,
  1.178,
  4.395,
  0.56,
  6.396,
  -0.92,
  -5.219,
  -1.532,
  -6.635,
  -5.655,
  -9.412,
  -7.4,
  -8.513,
  -11.99,
  -5.591,
  -13.648,
  -4.434,
  -14.45,
  -3.336,
  -13.917,
  -2.204,
  -12.732,
  -0.445,
  -10.571,
  1.298,
  -9.58,
  0,
  -8.169,
  -1.003,
  -7.718,
  -2.068,
  -7.309,
  -2.517,
  -7.618,
  -2.924,
  -8.341,
  -2.71,
  -8.906,
  -2.056,
  -8.978,
  -1.422,
  -9.424,
  -0.824,
  -9.424,
  -0.329,
  -9.524,
  -0.333,
  -9.489,
  0.166,
  -9.539,
  0.166,
  -10.291,
  0.9
]