[
  1.993,
  1.245,
  2.965,
  2.67,
  1.931,
  1.508,
  2.363,
  1.913,
  3.777,
  3.169,
  5.172,
  4.657,
  6.147,
  7.072,
  4.467,
  6.149,
  3.94,
  3.425,
  6.086,
  8.691,
  2.918,
  3.478,
  5.707,
  7.856,
  3.659,
  5.226,
  3.7,
  4.57,
  3.615,
  4.158,
  3.625,
  3.501,
  3.627,
  3.627,
  3.664,
  2.289,
  3.155,
  2.555,
  3.277,
  2.381,
  2.819,
  1.026,
  2.819,
  1.026,
  2.819,
  1.026,
  2.819,
  1.026,
  4.915,
  1.503,
  4.492,
  3.637,
  4.16,
  2.701,
  1.731,
  -0.807,
  5.069,
  -1.647,
  6.332,
  1.117,
  6.454,
  3.432,
  7.679,
  4.257,
  9.044,
  4.027,
  6.411,
  2.207,
  5.142,
  6.128,
  3.848,
  1.555,
  4.858,
  2.805,
  6.386,
  3.837,
  5.484,
  3.04,
  9.343,
  2.856,
  9.077,
  6.595,
  8.629,
  6.741,
  14.012,
  8.09,
  12.51,
  6.374,
  13.347,
  5.666,
  11.989,
  4.128,
  13.929,
  2.961,
  3.326,
  2.693,
  2.295,
  1.325,
  2.925,
  3.486,
  3.787,
  4.206,
  2.561,
  3.797,
  4.856,
  4.689,
  4.659,
  2.074,
  7.613,
  7.1,
  5.784,
  5.784,
  2.633,
  1.71,
  6.003,
  4.361,
  4.126,
  2.998,
  4.704,
  3.947,
  4.582,
  4.425,
  4.362,
  3.928,
  4.451,
  4.008,
  4.823,
  3.768,
  3.831,
  3.103,
  3.196,
  2.322,
  2.913,
  2.532,
  2.628,
  1.98,
  2.819,
  1.026,
  2.819,
  1.026,
  3.855,
  1.716,
  3.877,
  1.335,
  4.484,
  0.235,
  5.604,
  1.607,
  7.662,
  0.941,
  9.15,
  2.281,
  3.903,
  1.577,
  5.873,
  2.739,
  6.344,
  3.232,
  7.644,
  5.972,
  5.142,
  6.128,
  5.142,
  6.128,
  5.142,
  6.128,
  5.142,
  6.128,
  5.018,
  4.21,
  4.731,
  5.254,
  4.183,
  3.039,
  3.97,
  0.487,
  13.333,
  7.089,
  15.179,
  6.443,
  17.568,
  6.049,
  18.494,
  4.27,
  16.623,
  2.633,
  16.819,
  1.176,
  2.995,
  2.513,
  3.714,
  2.505,
  3.539,
  2.478,
  4.034,
  2.62,
  4.062,
  2.345,
  6.504,
  -0.455,
  5.687,
  0.199,
  9.684,
  7.036,
  9.224,
  10.611,
  8.352,
  8.065,
  4.459,
  5.918,
  6.765,
  7.255,
  5.776,
  4.847,
  5.546,
  3.883,
  5.719,
  5.333,
  5.557,
  5.755,
  4.984,
  6.155,
  3.821,
  5.259,
  2.895,
  3.575,
  2.658,
  4.093,
  2.536,
  2.817,
  2.88,
  1.731,
  2.575,
  1.312,
  3.499,
  0.061,
  4.397,
  -0.54,
  4.901,
  1.132,
  5.618,
  1.401,
  6.932,
  0.729,
  9.728,
  2.789,
  7.087,
  1.378,
  7.937,
  2.427,
  6.384,
  3.394,
  3.81,
  1.312,
  5.142,
  6.128,
  5.142,
  6.128,
  5.142,
  6.128,
  4.028,
  3.89,
  5.588,
  5.032,
  3.813,
  0.951,
  10.83,
  4.157,
  15.397,
  4.126,
  14.151,
  3.792,
  13.368,
  3.582,
  15.798,
  4.83,
  18.269,
  4.218,
  18.637,
  2.619,
  18.625,
  1.302,
  2.709,
  2.355,
  2.896,
  2.701,
  4.518,
  4.518,
  3.424,
  4.89,
  3.003,
  6.157,
  4.278,
  4.278,
  5.934,
  7.328,
  5.696,
  5.899,
  4.474,
  8.414,
  5.573,
  10.481,
  4.55,
  5.053,
  3.727,
  5.129,
  5.915,
  9.108,
  5.872,
  8.705,
  5.284,
  7.834,
  4.636,
  6.873,
  4.08,
  6.53,
  4.303,
  5.922,
  3.747,
  4.162,
  2.643,
  1.992,
  2.055,
  1.493,
  2.716,
  0.988,
  2.73,
  0.335,
  3.256,
  0.4,
  3.065,
  1.301,
  4.398,
  0.855,
  5.323,
  0.279,
  4.971,
  0.699,
  3.661,
  -0.256,
  9.12,
  2.106,
  10.811,
  4.15,
  10.065,
  6.789,
  13.754,
  9.277,
  12.136,
  7.583,
  9.629,
  7.523,
  11.073,
  10.325,
  13.206,
  11.89,
  12.144,
  7.886,
  15.999,
  7.803,
  16.13,
  5.241,
  15.059,
  3.755,
  15.553,
  4.46,
  17.171,
  5.912,
  17.747,
  4.425,
  17.313,
  3.68,
  17.201,
  2.112,
  17.971,
  1.572,
  1.645,
  4.52,
  3.116,
  5.186,
  2.567,
  3.286,
  5.055,
  6.709,
  5.551,
  6.854,
  2.876,
  2.59,
  0.958,
  1.88,
  3.822,
  2.578,
  4.776,
  9.373,
  4.232,
  9.969,
  5.694,
  11.675,
  4.075,
  9.601,
  3.359,
  10.338,
  3.972,
  7.796,
  4.355,
  7.543,
  4.04,
  6.997,
  3.857,
  4.596,
  3.857,
  4.596,
  3.857,
  4.596,
  2.52,
  0.819,
  2.519,
  0.722,
  1.703,
  0.723,
  2.29,
  1.922,
  2.128,
  1.131,
  2.68,
  1.675,
  2.864,
  1.335,
  3.594,
  1.38,
  4.732,
  0.414,
  4.004,
  -1.7,
  11.04,
  1.947,
  6.221,
  2.514,
  15.23,
  9.891,
  14.264,
  12.4,
  14.789,
  13.316,
  14.983,
  12.133,
  12.403,
  9.691,
  12.37,
  10.753,
  13.932,
  10.885,
  16.303,
  9.796,
  14.772,
  7.854,
  16.551,
  7.025,
  17.63,
  5.055,
  17.832,
  3.79,
  17.966,
  2.846,
  18.072,
  2.54,
  18.579,
  1.625,
  19.217,
  0.335,
  1.635,
  4.492,
  3.484,
  4.152,
  3.562,
  3.321,
  4.654,
  5.957,
  5.419,
  8.033,
  3.14,
  5.439,
  1.512,
  2.967,
  3.137,
  3.364,
  1.152,
  5.419,
  3.772,
  10.365,
  3.559,
  9.27,
  2.839,
  7.799,
  2.737,
  9.545,
  4.249,
  8.34,
  3.305,
  7.087,
  3.45,
  5.976,
  3.857,
  4.596,
  3.857,
  4.596,
  3.857,
  4.596,
  2.01,
  1.256,
  2.716,
  2.813,
  1.084,
  1.669,
  0.86,
  1.229,
  1.024,
  0.108,
  1.325,
  -0.258,
  3.458,
  1.397,
  5.04,
  1.541,
  3.192,
  -0.796,
  5.403,
  2.294,
  4.537,
  1.474,
  5.98,
  2.416,
  12.656,
  15.083,
  13.108,
  14.057,
  12.862,
  13.793,
  13.296,
  13.768,
  14.272,
  12.406,
  14.442,
  10.112,
  13.155,
  9.557,
  13.95,
  8.717,
  15.355,
  8.865,
  17.223,
  7.311,
  17.615,
  5.385,
  18.062,
  3.511,
  18.667,
  1.962,
  19.034,
  1.331,
  19.447,
  0.339,
  19.797,
  -0.346,
  2.423,
  10.494,
  4.195,
  5.566,
  3.185,
  5.097,
  0.964,
  2.967,
  2.483,
  4.874,
  3.235,
  4.982,
  3.987,
  3.115,
  3.364,
  1.789,
  0.797,
  2.975,
  1.257,
  4.112,
  3.608,
  8.103,
  2.78,
  8.075,
  2.726,
  8.388,
  2.131,
  7.431,
  3.715,
  5.945,
  3.299,
  4.891,
  3.394,
  5.032,
  3.208,
  3.691,
  2.583,
  2.869,
  2.168,
  3.096,
  1.77,
  2.832,
  0.606,
  2.26,
  0.614,
  0.43,
  -0.085,
  1.217,
  1.141,
  1.63,
  1.35,
  0.877,
  2.928,
  2.827,
  2.911,
  5.474,
  3.528,
  2.204,
  2.228,
  0.234,
  8.321,
  6.501,
  6.536,
  5.293,
  8.548,
  17.526,
  11.049,
  14.663,
  11.39,
  13.574,
  12.269,
  13.157,
  13.494,
  11.73,
  14.45,
  9.747,
  14.939,
  7.943,
  15.563,
  5.974,
  15.74,
  6.042,
  16.386,
  5.642,
  17.58,
  4.711,
  18.602,
  3.616,
  19.324,
  2.031,
  19.993,
  1.048,
  20.397,
  0.356,
  4.594,
  6.561,
  -10.119,
  10.119,
  -10.119,
  10.119,
  -1.216,
  6.894,
  -1.216,
  6.894,
  2.083,
  3.333,
  2.004,
  5.507,
  3.729,
  6.206,
  1.378,
  2.205,
  1.82,
  7.883,
  1.845,
  6.034,
  1.512,
  4.944,
  3.662,
  11.27,
  2.412,
  9.674,
  3.87,
  13.496,
  3.993,
  5.919,
  3.942,
  5.231,
  3.478,
  5.157,
  3.204,
  5.332,
  2.824,
  4.52,
  2.01,
  2.767,
  0.674,
  4.257,
  0.755,
  3.551,
  0.949,
  2.92,
  1.859,
  1.302,
  3.002,
  3.707,
  2.021,
  2.244,
  2.873,
  1.34,
  3.69,
  1.199,
  7.463,
  4.663,
  7.925,
  5.147,
  4.043,
  9.081,
  2.289,
  9.179,
  6.283,
  17.262,
  9.911,
  14.155,
  10.657,
  13.64,
  11.324,
  13.026,
  13.019,
  11.317,
  14.293,
  9.64,
  15.148,
  8.397,
  16.439,
  6.642,
  17.204,
  5.26,
  18.252,
  3.88,
  19.181,
  2.696,
  19.92,
  2.094,
  20.422,
  1.07,
  20.957,
  0.366,
  4.395,
  1.178,
  -0.629,
  -0.629,
  -0.629,
  -0.629,
  -1.216,
  6.894,
  -1.216,
  6.894,
  0,
  10.73,
  0,
  10.73,
  3.7,
  5.284,
  2.868,
  4.096,
  -0.369,
  4.214,
  2.196,
  9.51,
  4.132,
  12.716,
  3.81,
  14.218,
  5.869,
  13.826,
  1.266,
  1.266,
  1.266,
  1.266,
  1.266,
  1.266,
  2.878,
  6.172,
  3.37,
  5.837,
  3.812,
  5.871,
  2.645,
  4.581,
  2.154,
  2.859,
  1.875,
  5.446,
  1.614,
  3.462,
  3.128,
  0.722,
  2.674,
  2.769,
  7.64,
  3.243,
  3.834,
  3.703,
  7.228,
  11.567,
  13.381,
  9.025,
  8.493,
  2.76,
  5.855,
  4.574,
  4.702,
  4.702,
  3.971,
  12.221,
  7.06,
  13.855,
  8.282,
  11.829,
  9.687,
  11.544,
  11.394,
  11.003,
  12.9,
  10.078,
  13.986,
  9.434,
  15.035,
  8.334,
  15.896,
  7.077,
  16.839,
  6.129,
  17.509,
  5.689,
  17.883,
  4.459,
  18.415,
  3.58,
  19.053,
  3.018,
  2.723,
  4.193,
  -1.119,
  -0.342,
  -0.629,
  -0.629,
  -0.629,
  -0.629,
  1.71,
  4.698,
  1.71,
  4.698,
  0,
  10.73,
  3.968,
  8.51,
  3.296,
  5.486,
  2.096,
  9.86,
  2.345,
  14.805,
  3.616,
  17.01,
  4.376,
  13.467,
  0.868,
  4.924,
  1.266,
  1.266,
  1.266,
  1.266,
  1.266,
  1.266,
  5.369,
  12.648,
  5.087,
  11.985,
  5.94,
  10.288,
  5.557,
  6.392,
  3.822,
  6.36,
  4.794,
  5.141,
  4.558,
  3.963,
  4.786,
  0.844,
  8.578,
  1.512,
  10.902,
  3.754,
  12.471,
  5.815,
  12.471,
  5.815,
  12.708,
  3.644,
  9.829,
  6.142,
  8.264,
  9.178,
  7.402,
  7.148,
  5.872,
  9.396,
  7.4,
  7.935,
  6.953,
  11.572,
  9.242,
  9.242,
  10.686,
  8.967,
  11.103,
  9.997,
  11.919,
  8.346,
  12.787,
  7.088,
  13.968,
  6.219,
  14.96,
  5.445,
  15.88,
  4.554,
  16.276,
  3.46,
  17.383,
  2.753,
  17.423,
  1.524,
  0.664,
  1.565,
  -1.175,
  3.062,
  -3.948,
  7.426,
  -1.811,
  6.315,
  1.71,
  4.698,
  1.71,
  4.698,
  1.71,
  4.698,
  2.706,
  11.722,
  5.132,
  13.369,
  4.608,
  11.404,
  1.134,
  10.791,
  3.035,
  13.144,
  0.868,
  4.924,
  0.868,
  4.924,
  0.868,
  4.924,
  1.266,
  1.266,
  4.2,
  12.197,
  6.286,
  12.889,
  7.005,
  13.174,
  6.038,
  11.85,
  6.34,
  10.981,
  5.843,
  6.963,
  5.578,
  5.776,
  5.203,
  3.126,
  4.785,
  2.231,
  6.85,
  2.493,
  14.213,
  2.251,
  16.45,
  4.408,
  14.864,
  5.118,
  12.291,
  6.535,
  12.619,
  6.155,
  11.452,
  6.089,
  10.055,
  7.856,
  10.064,
  6.536,
  9.775,
  7.366,
  10.509,
  7.635,
  10.954,
  7.959,
  12.178,
  7.61,
  13.164,
  5.861,
  14.353,
  4.942,
  14.899,
  4.555,
  14.918,
  4.561,
  15.98,
  4.886,
  16.726,
  3.555,
  17.039,
  3.622,
  18.432,
  2.263,
  17.191,
  2.416,
  -1,
  -1.732,
  -4.441,
  0.944,
  -2.597,
  2.508,
  -0.157,
  2.996,
  0,
  8.57,
  1.87,
  10.606,
  3.479,
  12.131,
  2.526,
  12.997,
  2.969,
  13.968,
  3.704,
  12.116,
  1.059,
  10.075,
  -0.199,
  11.388,
  0.868,
  4.924,
  0.868,
  4.924,
  0.868,
  4.924,
  4.519,
  13.124,
  4.402,
  12.094,
  5.455,
  12.85,
  6.571,
  13.473,
  7.38,
  12.283,
  5.746,
  10.807,
  4.983,
  7.674,
  6.966,
  6.055,
  7.505,
  4.69,
  2.531,
  0.446,
  2.531,
  0.446,
  7.891,
  0.969,
  4.902,
  2.83,
  4.902,
  2.83,
  15.172,
  7.4,
  15.892,
  6.421,
  14.562,
  6.483,
  13.517,
  6.887,
  13.16,
  6.705,
  13.214,
  6.162,
  13.009,
  5.792,
  13.743,
  6.703,
  14.169,
  6.308,
  14.956,
  5.741,
  14.968,
  5.154,
  15.835,
  5.145,
  16.602,
  4.139,
  16.575,
  4.441,
  17.483,
  3.398,
  17.29,
  2.43,
  17.828,
  2.824,
  17.894,
  2.515,
  -1,
  -1.732,
  -4.705,
  1,
  -3.274,
  0.877,
  -2.558,
  1.661,
  -1.36,
  3.366,
  0.695,
  3.939,
  1.624,
  7.639,
  1.589,
  8.177,
  2.953,
  9.659,
  4.518,
  12.413,
  -0.49,
  14.041,
  -2.491,
  11.718,
  1.546,
  11.002,
  0.421,
  12.043,
  1.257,
  11.964,
  3.159,
  12.672,
  4.311,
  12.519,
  5.304,
  13.129,
  7.249,
  13.633,
  8.076,
  13.44,
  6.62,
  11.466,
  5.477,
  7.268,
  6.669,
  6.906,
  5.29,
  6.305,
  2.531,
  0.446,
  2.531,
  0.446,
  4.902,
  2.83,
  4.902,
  2.83,
  4.902,
  2.83,
  15.171,
  5.823,
  14.116,
  5.419,
  13.371,
  7.72,
  13.968,
  7.742,
  14.264,
  6.957,
  13.626,
  6.646,
  13.971,
  7.119,
  14.564,
  6.791,
  14.853,
  6.001,
  15.451,
  5.931,
  15.578,
  5.062,
  15.435,
  4.719,
  16.409,
  4.705,
  16.624,
  2.931,
  16.963,
  3.297,
  17.697,
  2.173,
  17.772,
  1.868,
  18.195,
  0.954,
  -4.05,
  0.641,
  -4.245,
  0.748,
  -4.318,
  1.157,
  -2.813,
  2.278,
  -0.461,
  3.752,
  1.007,
  3.1,
  1.312,
  3.417,
  1.527,
  5.325,
  2.5,
  8.719,
  4.881,
  12.081,
  5.811,
  11.405,
  4.06,
  7.032,
  2.985,
  4.596,
  1.226,
  8.724,
  -0.519,
  9.906,
  1.883,
  11.892,
  3.418,
  11.92,
  4.964,
  12.285,
  6.537,
  12.83,
  8.357,
  13.374,
  9.457,
  13.017,
  8.075,
  11.971,
  5.624,
  6.703,
  5.624,
  6.703,
  4.336,
  3.638,
  2.415,
  -0.879,
  4.451,
  -2.57,
  4.451,
  -2.57,
  4.451,
  -2.57,
  14.306,
  5.78,
  15.488,
  5.333,
  13.393,
  5.685,
  12.511,
  6.652,
  12.514,
  7.225,
  12.82,
  6.817,
  13.976,
  6.817,
  13.941,
  6.207,
  14.214,
  5.743,
  14.218,
  4.62,
  13.6,
  4.419,
  13.78,
  4.213,
  13.943,
  3.476,
  13.718,
  2.419,
  14.442,
  1.773,
  15.152,
  1.326,
  14.372,
  1.765,
  16.289,
  2.872,
  -3.917,
  0.904,
  -3.725,
  1.43,
  -3.796,
  1.934,
  -3.168,
  3.168,
  -0.838,
  2.922,
  0.843,
  2.449,
  1.689,
  2.504,
  2.228,
  2.475,
  1.724,
  3.698,
  2.829,
  6.664,
  3.119,
  6.121,
  3.826,
  5.464,
  4.284,
  0.911,
  4.03,
  0.857,
  4.476,
  2.183,
  5.346,
  2.724,
  4.49,
  8.812,
  3.766,
  9.812,
  5.462,
  11.199,
  6.889,
  12.428,
  8.436,
  13.501,
  9.635,
  12.786,
  5.624,
  6.703,
  7.094,
  5.952,
  7.094,
  5.952,
  4.902,
  2.83,
  4.902,
  2.83,
  4.451,
  -2.57,
  4.451,
  -2.57,
  7.101,
  3.618,
  12.342,
  5.495,
  13.77,
  5.286,
  14.674,
  5.053,
  14.741,
  5.076,
  14.993,
  6.057,
  14.928,
  6.031,
  14.362,
  5.803,
  13.219,
  5.074,
  13.015,
  3.979,
  9.352,
  5.619,
  10.948,
  5.105,
  10.394,
  4.199,
  9.569,
  3.866,
  3.156,
  -2.648,
  6.498,
  1.263,
  10.955,
  0.574,
  3.276,
  0.172,
  -5.429,
  1.455,
  -4.858,
  1.485,
  -4.257,
  1.895,
  -3.396,
  2.75,
  -2.693,
  3.326,
  -0.372,
  4.254,
  0.898,
  5.091,
  2.035,
  3.018,
  1.705,
  2.953,
  2.995,
  3.57,
  1.879,
  0.684,
  1.879,
  0.684,
  1.879,
  0.684,
  7.409,
  7.155,
  6.377,
  7.082,
  6.23,
  6.23,
  7.496,
  6.99,
  7.252,
  7.51,
  6.247,
  9.62,
  6.264,
  10.024,
  6.917,
  11.512,
  8.55,
  12.676,
  10.285,
  12.257,
  5.145,
  8.911,
  4.902,
  2.83,
  4.902,
  2.83,
  4.56,
  -0.804,
  4.56,
  -0.804,
  7.526,
  2.592,
  10.863,
  3.954,
  13.24,
  4.819,
  13.954,
  5.079,
  14.461,
  5.551,
  13.646,
  8.199,
  14.345,
  6.996,
  14.452,
  6.134,
  14.171,
  5.158,
  13.426,
  5.424,
  12.194,
  7.04,
  9.802,
  4.364,
  7.02,
  5.29,
  6.999,
  6.527,
  3.156,
  -2.648,
  3.156,
  -2.648,
  0.556,
  -1.817,
  -0.883,
  0.108,
  -0.377,
  -0.16,
  -4.317,
  1.833,
  -5.283,
  2.928,
  -4.795,
  4.024,
  -3.285,
  3.914,
  -3.079,
  2.677,
  -1.637,
  4.052,
  -0.223,
  4.264,
  0.819,
  2.678,
  1.176,
  2.308,
  1.835,
  4.78,
  1.879,
  0.684,
  1.879,
  0.684,
  1.879,
  0.684,
  6.604,
  7.335,
  7.41,
  7.41,
  7.632,
  7.37,
  6.259,
  8.306,
  6.82,
  8.128,
  6.596,
  8.753,
  7.363,
  9.425,
  7.629,
  10.501,
  8.064,
  11.517,
  5.145,
  8.911,
  5.145,
  8.911,
  5.145,
  8.911,
  4.56,
  -0.804,
  4.56,
  -0.804,
  7.578,
  4.375,
  7.578,
  4.375,
  9.457,
  3.63,
  13.079,
  5.021,
  14.149,
  5.716,
  14.83,
  7.233,
  15.138,
  5.212,
  13.992,
  3.489,
  11.575,
  6.155,
  6.69,
  0,
  6.69,
  0,
  7.595,
  10.079,
  5.725,
  7.88,
  7.187,
  3.821,
  6.427,
  2.339,
  3.156,
  -2.648,
  3.156,
  -2.648,
  3.156,
  -2.648,
  1.736,
  -3.131,
  1.736,
  -3.131,
  -3.105,
  1.721,
  -3.365,
  2.725,
  -3.511,
  2.194,
  -3.683,
  3.202,
  -4.029,
  4.172,
  -2.504,
  3.446,
  -1.11,
  2.614,
  -1.265,
  3.296,
  -0.335,
  3.825,
  0.716,
  3.681,
  3.087,
  9.501,
  5.182,
  10.624,
  5.645,
  9.395,
  5.38,
  9.318,
  5.315,
  9.206,
  6.057,
  8.65,
  5.649,
  9.04,
  5.732,
  9.54,
  7.183,
  9.886,
  7.124,
  10.562,
  7.818,
  11.165,
  8.884,
  11.371,
  4.115,
  7.127,
  5.145,
  8.911,
  5.145,
  8.911,
  4.815,
  2.78,
  6.766,
  2.463,
  6.766,
  2.463,
  4.726,
  3.966,
  4.726,
  3.966,
  13.034,
  7.525,
  13.985,
  7.752,
  14.129,
  6.589,
  13.877,
  6.178,
  14.26,
  5.761,
  6.69,
  0,
  6.69,
  0,
  6.69,
  0,
  6.69,
  0,
  2.137,
  -0.377,
  0.917,
  -0.642,
  0.836,
  -0.304,
  3.929,
  -2.961,
  2.414,
  -0.169,
  1.051,
  -0.49,
  1.047,
  -3.424,
  1.047,
  -3.424,
  -3.265,
  2.04,
  -3.776,
  2.18,
  -3.824,
  2.484,
  -2.875,
  2.013,
  -2.362,
  2.446,
  -1.967,
  1.229,
  -3.697,
  3.571,
  -2.274,
  4.102,
  -1.88,
  3.689,
  -1.719,
  9.75,
  0.182,
  10.428,
  2.501,
  10.835,
  4.447,
  11.006,
  4.492,
  11.117,
  3.96,
  9.8,
  4.375,
  8.97,
  4.781,
  9.382,
  4.743,
  9.725,
  6.121,
  9.795,
  8.207,
  10.504,
  8.082,
  11.542,
  8.785,
  11.245,
  4.115,
  7.127,
  4.115,
  7.127,
  4.115,
  7.127,
  5.138,
  4.014,
  6.766,
  2.463,
  4.726,
  3.966,
  4.726,
  3.966,
  4.726,
  3.966,
  12.781,
  8.3,
  12.602,
  7.875,
  12.952,
  7.782,
  14.321,
  7.615,
  11.988,
  8.086,
  5.759,
  4.663,
  6.69,
  0,
  1.702,
  -0.553,
  1.702,
  -0.553,
  3.216,
  -0.395,
  4.208,
  -1.449,
  0.362,
  -0.813,
  3.929,
  -2.961,
  5.798,
  -2.11,
  5.798,
  -2.11,
  0.96,
  2.502,
  0.96,
  2.502,
  -3.746,
  2.721,
  -4.406,
  2.647,
  -3.703,
  2.593,
  -3.653,
  3.175,
  -3.774,
  1.602,
  -5.103,
  2.379,
  -3.629,
  2.939,
  -2.98,
  2.683,
  -1.737,
  3.267,
  -1.957,
  5.683,
  -1.776,
  11.21,
  -0.417,
  11.943,
  1.91,
  12.06,
  2.584,
  10.363,
  4.999,
  11.227,
  3.529,
  10.249,
  4.56,
  9.779,
  4.509,
  8.134,
  5.418,
  9.017,
  6.792,
  10.458,
  8.17,
  11.245,
  8.97,
  11.481,
  4.115,
  7.127,
  4.115,
  7.127,
  6.352,
  6.134,
  7.907,
  7.12,
  10.28,
  8.626,
  8.577,
  6.005,
  8.108,
  10.378,
  8.196,
  7.125,
  11.63,
  10.472,
  10.097,
  10.097,
  2.13,
  0.692,
  1.784,
  -1.03,
  6.235,
  -3.6,
  2.485,
  -1.004,
  1.702,
  -0.553,
  9.339,
  -0.982,
  15.282,
  -1.337,
  3.118,
  -1.8,
  7.094,
  -5.952,
  7.094,
  -5.952,
  0.874,
  0.17,
  5.798,
  -2.11,
  5.798,
  -2.11,
  0.96,
  2.502,
  0.96,
  2.502,
  -3.665,
  2.38,
  -4.137,
  3.232,
  -4.342,
  3.392,
  -3.866,
  2.707,
  -5.073,
  2.812,
  -4.824,
  2.785,
  -4.68,
  2.488,
  -3.767,
  2.943,
  -2.844,
  3.05,
  -1.551,
  3.326,
  -0.786,
  3.697,
  -1.074,
  10.214,
  0.198,
  11.368,
  1.285,
  10.461,
  2.053,
  10.562,
  3.707,
  10.186,
  4.193,
  9.877,
  5.455,
  9.448,
  5.188,
  9.757,
  6.12,
  10.6,
  7.398,
  10.968,
  8.064,
  11.1,
  8.804,
  10.872,
  6.703,
  5.624,
  9.618,
  11.064,
  9.247,
  10.27,
  10.646,
  10.281,
  10.253,
  10.617,
  12.792,
  8.628,
  9.215,
  8.899,
  9.669,
  3.519,
  9.669,
  3.519,
  11.65,
  2.054,
  1.784,
  -1.03,
  1.784,
  -1.03,
  6.235,
  -3.6,
  4.92,
  0,
  7.449,
  -3.795,
  1.613,
  -2.14,
  2.676,
  -1.545,
  3.118,
  -1.8,
  7.094,
  -5.952,
  0.874,
  0.17,
  11.64,
  2.053,
  12.362,
  0.432,
  13.409,
  1.646,
  12.048,
  -0.21,
  -3.161,
  1.825,
  -3.099,
  2.335,
  -2.977,
  2.163,
  -3.748,
  1.828,
  -4.382,
  2.53,
  -4.32,
  3.139,
  -4.141,
  2.202,
  -7.188,
  4.848,
  -4.073,
  4.073,
  -2.495,
  3.563,
  -1.61,
  3.453,
  -1.555,
  5.422,
  -0.846,
  9.673,
  0.718,
  10.275,
  1.404,
  9.992,
  1.983,
  10.199,
  3.09,
  10.108,
  4.437,
  9.967,
  4.843,
  10.386,
  5.559,
  10.454,
  5.965,
  11.708,
  6.258,
  11.77,
  6.703,
  5.624,
  6.703,
  5.624,
  6.703,
  5.624,
  8.456,
  11.221,
  9.257,
  10.649,
  9.889,
  10.605,
  10.754,
  10.385,
  0.498,
  -0.738,
  0.498,
  -0.738,
  9.669,
  3.519,
  11.65,
  2.054,
  11.65,
  2.054,
  12.712,
  0.444,
  4.92,
  0,
  4.92,
  0,
  4.643,
  -0.903,
  6.421,
  0.337,
  2.676,
  -1.545,
  2.676,
  -1.545,
  13.462,
  -2.132,
  9.21,
  0,
  9.418,
  0.99,
  11.74,
  2.282,
  15.511,
  0.542,
  13.262,
  -2.578,
  -2.68,
  1.083,
  -2.931,
  1.125,
  -3.307,
  0.948,
  -3.721,
  1.354,
  -3.897,
  1.817,
  -3.934,
  2.364,
  -5.117,
  0.179,
  -4.727,
  1.536,
  -2.691,
  2.51,
  -2.249,
  2.249,
  -1.939,
  2.769,
  -1.784,
  3.502,
  -2.839,
  7.799,
  -1.212,
  8.625,
  -1.298,
  9.239,
  0.86,
  9.832,
  2.995,
  11.176,
  3.426,
  11.948,
  4.112,
  11.942,
  4.213,
  12.235,
  4.956,
  12.267,
  4.483,
  13.02,
  5.525,
  13.016,
  6.703,
  5.624,
  3.041,
  12.197,
  6.967,
  12.568,
  8.488,
  11.682,
  9.893,
  11.789,
  10.713,
  11.898,
  0.498,
  -0.738,
  3.383,
  -1.231,
  3.383,
  -1.231,
  5.098,
  -1.656,
  5.098,
  -1.656,
  4.502,
  -1.123,
  7.169,
  1.264,
  4.27,
  0.299,
  13.917,
  1.218,
  13.527,
  2.629,
  12.928,
  0.904,
  13.459,
  1.177,
  14.44,
  2.287,
  14.535,
  1.016,
  14.52,
  0,
  14.7,
  0,
  15.129,
  -0.793,
  15.73,
  -0.549,
  -2.537,
  0.923,
  -3.031,
  0.927,
  -3.458,
  1.259,
  -3.441,
  0.362,
  -3.302,
  0.347,
  -3.189,
  0.678,
  -4.554,
  -0.239,
  0,
  -2.24,
  -3.619,
  0.769,
  -2.978,
  1.143,
  -2.236,
  1.566,
  0,
  0.45,
  1.266,
  -1.266,
  -1.712,
  9.71,
  -0.543,
  10.356,
  -0.564,
  10.755,
  1.824,
  11.516,
  3.863,
  11.888,
  4.87,
  12.053,
  5.473,
  11.737,
  6.235,
  11.726,
  7.276,
  11.644,
  8.607,
  11.016,
  9.676,
  10.746,
  10.444,
  9.739,
  10.403,
  8.729,
  9.428,
  10.471,
  9.16,
  12.155,
  10.041,
  10.041,
  10.612,
  9.896,
  12.136,
  7.583,
  0.458,
  -1.259,
  0.458,
  -1.259,
  5.098,
  -1.656,
  4.973,
  -1.712,
  7.549,
  -0.132,
  11.429,
  2.639,
  10.968,
  0.96,
  9.087,
  1.439,
  10.495,
  3.614,
  11.249,
  4.775,
  11.917,
  2.751,
  11.958,
  0.209,
  12.85,
  0,
  13.14,
  0,
  12.143,
  -0.424,
  12.328,
  -0.215,
  -0.642,
  0.327,
  -1.951,
  0.56,
  -2.467,
  0.754,
  -4.211,
  1.05,
  -2.954,
  -0.521,
  -2.954,
  -0.521,
  -4.369,
  1.677,
  -5.638,
  2.052,
  -5.638,
  2.052,
  -3.559,
  2.055,
  0,
  -0.45,
  0,
  0.45,
  1.266,
  -1.266,
  1.266,
  -1.266,
  -1.242,
  10.114,
  0,
  10.66,
  1.198,
  11.397,
  2.476,
  11.65,
  3.789,
  11.66,
  5.55,
  11.379,
  6.465,
  11.198,
  7.348,
  10.894,
  8.754,
  10.81,
  9.934,
  10.287,
  10.941,
  10.566,
  10.833,
  10.833,
  11.682,
  9.803,
  9.866,
  9.2,
  11.605,
  6.7,
  11.575,
  5.153,
  11.701,
  4.728,
  2.105,
  0.766,
  2.105,
  0.766,
  4.654,
  -0.489,
  11.973,
  0.418,
  13.901,
  0.729,
  12.338,
  0.215,
  8.422,
  2.1,
  8.903,
  1.251,
  9.812,
  3,
  9.936,
  5.507,
  8.873,
  -1.09,
  9.467,
  -0.496,
  10.285,
  -0.719,
  10.738,
  -0.187,
  11.213,
  -0.392,
  11.423,
  -0.399,
  -0.493,
  0.704,
  -0.075,
  -0.423,
  0.229,
  -0.994,
  0.632,
  -0.973,
  -2.954,
  -0.521,
  -2.954,
  -0.521,
  -2.539,
  2.452,
  -5.638,
  2.052,
  -5.638,
  2.052,
  -2.843,
  -2.843,
  0.348,
  -0.819,
  0,
  0.45,
  -3,
  5.196,
  -0.825,
  0.333,
  -2.394,
  6.578,
  0.189,
  10.828,
  0.744,
  10.644,
  1.431,
  11.652,
  2.124,
  12.044,
  3.707,
  12.126,
  5.562,
  11.927,
  6.53,
  12.282,
  7.451,
  11.473,
  8.082,
  11.124,
  9.275,
  9.946,
  10.782,
  8.125,
  11.1,
  6.67,
  11.116,
  6.162,
  11.262,
  5.493,
  11.703,
  5.21,
  11.129,
  4.724,
  2.105,
  0.766,
  2.105,
  0.766,
  8.184,
  1.443,
  12.18,
  1.712,
  12.497,
  1.756,
  12.837,
  3.44,
  14.043,
  2.476,
  13.506,
  1.419,
  12.397,
  1.522,
  14.111,
  0.74,
  12.407,
  -1.523,
  10.291,
  -0.9,
  9.7,
  0,
  9.684,
  0.338,
  9.91,
  0,
  10.664,
  -0.372,
  -1.079,
  -0.057,
  -1.057,
  1.021,
  -1.064,
  1.182,
  0.758,
  1.044,
  0.436,
  1.267,
  -1.169,
  0.27,
  -1.404,
  0.746,
  -2.332,
  1.757,
  -3.685,
  3.092,
  -2.843,
  -2.843,
  -2.843,
  -2.843,
  -4.971,
  4.8,
  -3,
  5.196,
  -3,
  5.196,
  -2.394,
  6.578,
  -2.394,
  6.578,
  0.194,
  11.098,
  1.148,
  10.92,
  1.804,
  11.388,
  3.015,
  11.253,
  4.686,
  10.524,
  6.052,
  10.072,
  7.486,
  9.582,
  8.259,
  8.857,
  9.141,
  8.23,
  9.792,
  7.929,
  10.145,
  7.371,
  10.282,
  6.677,
  10.418,
  6.015,
  10.57,
  5.155,
  11.39,
  4.372,
  11.502,
  4.186,
  11.47,
  3.727,
  11.917,
  3.872,
  11.17,
  3.203,
  10.59,
  3.646,
  12.043,
  4.623,
  13.341,
  4.594,
  13.836,
  3.45,
  13.709,
  2.417,
  13.237,
  1.391,
  12.37,
  0,
  10.859,
  -0.95,
  10.938,
  -0.191,
  12.398,
  -1.742,
  9.417,
  -0.659,
  9.254,
  0.323
]