
[
  4.074,
  -0.214,
  3.821,
  0.674,
  3.355,
  0.412,
  3.723,
  0.656,
  4.704,
  1.997,
  5.469,
  3.286,
  6.844,
  6.163,
  5.905,
  6.114,
  5.315,
  2.826,
  6.203,
  6.424,
  4.507,
  5.185,
  7.366,
  8.779,
  6.129,
  5.715,
  3.78,
  6.292,
  4.468,
  5.518,
  3.943,
  4.536,
  3.73,
  3.863,
  3.84,
  3.84,
  3.683,
  3.949,
  3.599,
  3.599,
  4.33,
  2.5,
  4.33,
  2.5,
  4.33,
  2.5,
  4.33,
  2.5,
  4.386,
  1.093,
  2.735,
  2.462,
  3.378,
  1.434,
  3.498,
  -1.631,
  4.808,
  -3.623,
  6.017,
  -1.061,
  5.886,
  -0.723,
  6.119,
  -1.413,
  6.443,
  -1.606,
  2.925,
  0.569,
  1.909,
  2.275,
  4.26,
  0,
  3.864,
  -1.72,
  5.465,
  -3.155,
  4.337,
  -3.268,
  4.586,
  -2.042,
  1.572,
  -1.466,
  -0.931,
  -1.15,
  0.792,
  0.168,
  3.207,
  -0.859,
  7.69,
  -4.089,
  9.466,
  -5.465,
  11.372,
  -14.043,
  3.491,
  -0.367,
  3.842,
  -0.609,
  4.327,
  0.608,
  4.098,
  3.562,
  4.267,
  3.455,
  5.626,
  2.744,
  4.251,
  2.356,
  5.995,
  6.429,
  9.163,
  5.506,
  5.202,
  4.684,
  4.75,
  5.464,
  5.381,
  5.77,
  6.564,
  8.106,
  5.514,
  6.124,
  3.845,
  4.423,
  4.355,
  5.378,
  4.419,
  4.419,
  3.871,
  4.453,
  3.537,
  3.185,
  3.778,
  2.745,
  4.382,
  3.069,
  4.33,
  2.5,
  4.33,
  2.5,
  4.137,
  2.293,
  2.711,
  1.441,
  3.235,
  0.747,
  5.554,
  3.889,
  5.029,
  3.142,
  5.018,
  1.158,
  3.003,
  -0.21,
  3.652,
  -0.71,
  6.471,
  -0.339,
  6.055,
  -0.743,
  3.653,
  -2.558,
  0.527,
  -2.709,
  1.206,
  -2.472,
  3.062,
  -2.757,
  2.238,
  -1.812,
  1.101,
  -1.573,
  2.681,
  -2.777,
  3.17,
  -2.755,
  7.289,
  -5.296,
  6.328,
  -5.309,
  5.822,
  -4.885,
  9.065,
  -9.387,
  8.415,
  -14.575,
  9.657,
  -17.422,
  3.985,
  -0.209,
  4.244,
  0.222,
  4.254,
  0.75,
  4.745,
  1.727,
  4.749,
  2.42,
  5.708,
  0.499,
  6.4,
  1.244,
  8.429,
  5.902,
  9.361,
  7.855,
  9.454,
  9.454,
  6.557,
  7.283,
  5.34,
  5.93,
  6.173,
  6.173,
  5.59,
  7.155,
  6.575,
  6.349,
  4.314,
  5.938,
  4.12,
  4.91,
  3.013,
  5.014,
  2.949,
  3.775,
  3.731,
  3.13,
  4.28,
  3.109,
  5.088,
  3.18,
  4.738,
  3.077,
  6.094,
  0.965,
  6.367,
  -0.895,
  5.37,
  -0.659,
  6.27,
  0,
  7.209,
  0.126,
  7.116,
  0.248,
  4.018,
  -0.422,
  1.897,
  -0.099,
  3.228,
  -0.454,
  3.436,
  -0.668,
  2.045,
  -0.785,
  2.892,
  -2.892,
  1.507,
  -1.405,
  1.456,
  -1.933,
  2.598,
  -0.696,
  3.577,
  -1.745,
  6.588,
  -5.528,
  6.659,
  -4.324,
  5.606,
  -4.073,
  6.567,
  -5.318,
  7.906,
  -9.422,
  6.574,
  -12.902,
  6.713,
  -12.626,
  7.075,
  -14.507,
  4.074,
  -0.356,
  3.778,
  1.083,
  4.659,
  2.074,
  4.456,
  3.12,
  4.384,
  4.384,
  4.637,
  4.324,
  5.203,
  3.126,
  6.369,
  5.734,
  6.242,
  8.592,
  3.762,
  6.787,
  6.089,
  8.381,
  6.165,
  6.611,
  5.633,
  7.475,
  5.953,
  7.62,
  4.77,
  8.262,
  3.41,
  5.906,
  2.529,
  4.963,
  2.542,
  4.99,
  2.402,
  3.699,
  3.723,
  3.124,
  4.6,
  2.446,
  4.929,
  2.961,
  5.284,
  2.464,
  5.767,
  1.545,
  5.928,
  1.26,
  6.018,
  1.612,
  6.307,
  1.572,
  4.985,
  2.324,
  5.049,
  0.088,
  5.694,
  0.8,
  2.637,
  0.418,
  0.91,
  1.576,
  3.843,
  2.792,
  6.299,
  0.11,
  5.173,
  0.271,
  2.427,
  0.255,
  2.786,
  1.241,
  5.788,
  -0.917,
  6.046,
  -1.734,
  5.853,
  -2.015,
  5.257,
  -3.035,
  7.121,
  -4.803,
  8.006,
  -7.732,
  6.22,
  -11.221,
  6.742,
  -12.679,
  6.523,
  -13.374,
  4.212,
  -16.893,
  2.83,
  2.639,
  3.206,
  1.926,
  3.473,
  2.005,
  4.894,
  3.823,
  3.321,
  2.887,
  4.765,
  1.641,
  2.89,
  0,
  4.306,
  1.235,
  4.843,
  6.666,
  1.82,
  7.883,
  5.873,
  11.046,
  6.325,
  10.955,
  4.353,
  8.925,
  3.902,
  7.999,
  2.777,
  7.235,
  2.466,
  5.808,
  1.71,
  4.698,
  1.71,
  4.698,
  1.71,
  4.698,
  3.563,
  2.495,
  4.089,
  2.457,
  3.394,
  2.558,
  3.247,
  2.537,
  3.293,
  2.306,
  4.81,
  1.289,
  5.992,
  0.314,
  12.054,
  -2.343,
  6.615,
  -0.93,
  6.049,
  -1.965,
  6.573,
  -1.397,
  -1.486,
  -0.104,
  0.909,
  0.367,
  2.379,
  2.938,
  5.988,
  1.164,
  7.163,
  -3.494,
  5.806,
  -2.832,
  5.373,
  -1.541,
  5.856,
  -1.352,
  5.826,
  -2.236,
  6.362,
  -2.967,
  6.874,
  -6.189,
  7.005,
  -9.296,
  6.617,
  -10.19,
  7.812,
  -10.366,
  5.664,
  -14.019,
  2.456,
  -15.507,
  1.972,
  -16.059,
  2.531,
  0.678,
  2.973,
  1.386,
  3.07,
  1.918,
  2.672,
  3.546,
  2.347,
  4.607,
  2.506,
  4.522,
  2.449,
  2.919,
  3.125,
  2.623,
  0,
  5.06,
  3.099,
  9.001,
  3.16,
  8.683,
  2.907,
  7.195,
  2.8,
  8.617,
  2.288,
  8.539,
  0.78,
  7.419,
  1.633,
  6.549,
  1.71,
  4.698,
  1.71,
  4.698,
  1.71,
  4.698,
  3.136,
  2.45,
  4.029,
  3.381,
  4.522,
  3.166,
  3.351,
  2.913,
  3.155,
  1.971,
  5.179,
  -0.09,
  5.707,
  -0.199,
  5.499,
  -0.481,
  5.544,
  -1.28,
  8.538,
  -0.447,
  0.118,
  -0.254,
  0.52,
  1.942,
  5.644,
  -3.665,
  9.072,
  -6.837,
  9.304,
  -7.011,
  8.158,
  -4.338,
  7.441,
  -2.856,
  6.504,
  -3.755,
  7.005,
  -5.473,
  6.703,
  -6.942,
  6.325,
  -8.394,
  6.852,
  -10.55,
  7.167,
  -11.037,
  7.872,
  -10.446,
  8.734,
  -12.022,
  5.4,
  -12.721,
  2.511,
  -12.918,
  1.424,
  -13.545,
  1.416,
  3.688,
  3.021,
  2.918,
  3.151,
  2.837,
  -0.019,
  1.07,
  1.564,
  4.812,
  2.642,
  4.397,
  3.28,
  3.774,
  4.713,
  2.402,
  1.896,
  2.516,
  0.149,
  8.559,
  2.194,
  8.801,
  1.049,
  7.467,
  0.446,
  8.518,
  0.309,
  8.845,
  -0.646,
  7.382,
  0.124,
  7.079,
  0.241,
  6.896,
  1.611,
  5.269,
  3.396,
  4.849,
  1.136,
  3.96,
  2.765,
  2.578,
  0.286,
  4.09,
  2.867,
  1.398,
  4.237,
  0.445,
  5.936,
  -0.207,
  6.574,
  -0.691,
  7.21,
  0,
  6.329,
  0.11,
  4.441,
  -1.443,
  0.67,
  -2.19,
  7.751,
  -10.286,
  9.146,
  -9.807,
  9.54,
  -8.293,
  9.576,
  -7.216,
  9.093,
  -6.607,
  7.246,
  -6.524,
  7.189,
  -6.704,
  7.241,
  -7.241,
  6.632,
  -8.801,
  6.35,
  -10.999,
  7.001,
  -10.38,
  8.282,
  -10.227,
  7.471,
  -10.283,
  6.762,
  -10.821,
  6.52,
  -11.293,
  3.804,
  -11.708,
  2.67,
  -12.559,
  2.521,
  4.548,
  -4.745,
  4.745,
  -4.745,
  4.745,
  -2.5,
  4.33,
  -2.5,
  4.33,
  1.521,
  3.764,
  1.554,
  4.784,
  3.036,
  4.859,
  0.342,
  4.888,
  -0.735,
  8.398,
  0,
  7.27,
  -0.952,
  6.773,
  -2.665,
  9.295,
  -0.716,
  10.235,
  -2.126,
  9.208,
  -0.854,
  6.958,
  2.981,
  7.023,
  2.873,
  7.893,
  2.227,
  5.247,
  4.987,
  4.49,
  3.366,
  2.445,
  3.091,
  1.441,
  2.009,
  -0.354,
  1.44,
  -1.982,
  4.555,
  -0.64,
  7.956,
  -0.836,
  5.069,
  -2.472,
  1.916,
  -2.055,
  2.9,
  -3.712,
  8.317,
  -9.237,
  7.63,
  -7.63,
  7.729,
  -6.959,
  8.162,
  -7.611,
  8.204,
  -6.884,
  8.274,
  -6.464,
  8.582,
  -5.363,
  7.989,
  -7.193,
  7.486,
  -9.582,
  7.594,
  -11.258,
  7.706,
  -11.424,
  7.325,
  -11.28,
  6.55,
  -9.355,
  4.726,
  -10.615,
  4.642,
  -10.936,
  4.526,
  -11.791,
  5.54,
  -12.442,
  5.158,
  -12.151,
  3.754,
  4.474,
  -4.745,
  4.745,
  -2.5,
  4.33,
  -2.5,
  4.33,
  -2.5,
  4.33,
  13.909,
  13.909,
  13.909,
  13.909,
  1.706,
  5.25,
  -2.09,
  5.174,
  -1.369,
  5.11,
  -2.856,
  9.959,
  -4.419,
  10.411,
  -3.266,
  12.19,
  -2.259,
  11.622,
  -2.072,
  10.66,
  2.071,
  9.742,
  2.248,
  5.563,
  3.796,
  11.025,
  4.384,
  5.611,
  2.146,
  8.008,
  3.541,
  1.883,
  2.192,
  -0.628,
  1.363,
  -3.06,
  2.065,
  -1.613,
  5.013,
  -0.263,
  -0.438,
  -0.038,
  3.787,
  -2.099,
  7.876,
  -4.188,
  7.004,
  -5.278,
  7.515,
  -5.663,
  7.162,
  -7.416,
  6.996,
  -6.082,
  7.249,
  -5.076,
  7.655,
  -4.599,
  7.663,
  -3.904,
  8.247,
  -4.385,
  8.949,
  -8.642,
  8.076,
  -9.29,
  8.468,
  -11.237,
  7.79,
  -12.466,
  6.88,
  -11.917,
  6.167,
  -11.125,
  6.067,
  -12.439,
  5.308,
  -11.922,
  3.969,
  -11.526,
  4.014,
  -12.354,
  5.385,
  -12.095,
  5.471,
  5.101,
  1.505,
  2.607,
  0.366,
  6.99,
  -2.5,
  4.33,
  1.91,
  10.833,
  1.91,
  10.833,
  13.909,
  13.909,
  -1.183,
  5.125,
  -1.885,
  6.575,
  -5.357,
  7.651,
  -4.794,
  11.295,
  -4.931,
  12.846,
  -3.646,
  14.622,
  1.042,
  5.909,
  2.143,
  11.024,
  1.869,
  8.794,
  5.295,
  8.812,
  2.156,
  13.61,
  6.891,
  11.469,
  5.211,
  6.435,
  5.554,
  4.66,
  3.651,
  0.255,
  2.5,
  -0.044,
  4.178,
  -1.948,
  6.285,
  -0.661,
  7.675,
  -2.494,
  4.712,
  -4.242,
  5.108,
  -5.478,
  6.049,
  -6.958,
  5.92,
  -6.348,
  6.147,
  -4.978,
  7.293,
  -4.557,
  7.748,
  -3.779,
  8.197,
  -4.177,
  7.667,
  -5.777,
  8.237,
  -9.148,
  8.495,
  -12.132,
  8.801,
  -13.553,
  7.343,
  -15.055,
  7.772,
  -15.254,
  7.925,
  -14.904,
  6.99,
  -13.147,
  6.199,
  -12.709,
  5.65,
  -12.689,
  5.404,
  -12.731,
  3.09,
  -11.533,
  3.969,
  -11.526,
  4.794,
  5.141,
  2.596,
  7.132,
  0.41,
  7.829,
  0.342,
  9.784,
  1.91,
  10.833,
  1.91,
  10.833,
  1.91,
  10.833,
  -0.838,
  7.976,
  -4.365,
  4.681,
  -6.089,
  10.985,
  -5.122,
  12.068,
  -4.307,
  14.086,
  1.042,
  5.909,
  1.042,
  5.909,
  1.042,
  5.909,
  3.316,
  11.564,
  6.035,
  12.942,
  0.935,
  10.689,
  4.405,
  12.103,
  5.66,
  9.803,
  4.248,
  5.246,
  4.708,
  1.53,
  5.848,
  -0.615,
  4.382,
  -1.86,
  4.189,
  -3.392,
  4.137,
  -3.232,
  5.114,
  -4.141,
  2.088,
  -4.477,
  3.833,
  -4.11,
  4.972,
  -3.885,
  5.965,
  -3.306,
  7.154,
  -3.489,
  6.961,
  -3.099,
  6.323,
  -6.106,
  6.413,
  -9.158,
  6.052,
  -11.877,
  7.087,
  -13.909,
  7.014,
  -14.381,
  5.938,
  -15.469,
  7.418,
  -14.559,
  7.718,
  -13.924,
  7.911,
  -13.166,
  7.035,
  -12.691,
  6.224,
  -12.216,
  4.446,
  -12.216,
  2.493,
  -11.728,
  3.26,
  -10.663,
  -1.879,
  0.684,
  -2.196,
  5.173,
  -1.21,
  6.224,
  -1.148,
  8.17,
  -0.73,
  8.348,
  0,
  7.7,
  -1.195,
  7.546,
  -0.445,
  6.364,
  2.355,
  10.202,
  -6.994,
  8.045,
  -5.052,
  11.902,
  -3.614,
  14.496,
  1.042,
  5.909,
  1.042,
  5.909,
  1.042,
  5.909,
  3.594,
  12.535,
  3.94,
  12.126,
  4.193,
  10.923,
  3.087,
  10.099,
  3.06,
  7.973,
  3.349,
  3.991,
  3.717,
  1.976,
  2.826,
  -0.148,
  2.659,
  -1.474,
  2.029,
  0.358,
  2.029,
  0.358,
  5.002,
  -1.722,
  4.12,
  0,
  4.12,
  0,
  3.946,
  -4.086,
  8.339,
  -2.872,
  9.495,
  -2.544,
  6.343,
  -4.956,
  2.549,
  -8.339,
  0,
  -10.32,
  -0.822,
  -11.761,
  2.498,
  -12.849,
  4.786,
  -13.899,
  4.942,
  -13.579,
  6.268,
  -14.078,
  7.114,
  -13.962,
  8.045,
  -13.389,
  7.51,
  -13.008,
  6.592,
  -12.937,
  3.785,
  -11.65,
  1.525,
  -10.853,
  0.912,
  -10.42,
  -1.879,
  0.684,
  -3.619,
  3.259,
  -2.392,
  5.13,
  -1.25,
  7.091,
  -0.983,
  6.991,
  -0.383,
  7.31,
  1.712,
  8.805,
  1.196,
  6.785,
  1.38,
  8.711,
  2.833,
  11.362,
  -5.249,
  11.256,
  -2.917,
  13.723,
  -0.726,
  13.861,
  1.096,
  12.522,
  2.722,
  12.804,
  3.86,
  11.879,
  3.724,
  10.817,
  3.911,
  9.214,
  4.926,
  7.304,
  5.297,
  6.312,
  5.558,
  4.038,
  4.47,
  0.95,
  2.986,
  -1.206,
  2.83,
  -4.902,
  2.029,
  0.358,
  2.029,
  0.358,
  4.12,
  0,
  4.12,
  0,
  4.12,
  0,
  5.194,
  -4.358,
  6.411,
  -2.207,
  7.418,
  -1.988,
  7.637,
  -2.931,
  7.679,
  -4.257,
  8.603,
  -10.624,
  6.701,
  -15.787,
  1.964,
  -13.973,
  3.594,
  -12.535,
  4.017,
  -13.14,
  3.955,
  -12.174,
  4.769,
  -11.803,
  7.207,
  -11.533,
  7.216,
  -13.571,
  7.415,
  -12.843,
  3.125,
  -9.077,
  -0.681,
  -7.78,
  -4.581,
  -8.265,
  -4.575,
  0.481,
  -4.798,
  2.77,
  -4.122,
  4.578,
  -2.915,
  5.483,
  -1.164,
  5.988,
  -0.638,
  6.067,
  -0.14,
  8.039,
  1.645,
  6.598,
  -0.429,
  8.179,
  1.049,
  9.985,
  1.703,
  8.011,
  1.165,
  8.289,
  1.074,
  8.744,
  2.601,
  10.431,
  3.205,
  9.862,
  4.357,
  10.264,
  4.222,
  9.483,
  4.929,
  8.203,
  5.456,
  6.738,
  4.957,
  4.957,
  4.342,
  2.713,
  4.692,
  0.912,
  2.976,
  -3.547,
  2.976,
  -3.547,
  2.648,
  -3.156,
  2.029,
  -0.358,
  6.686,
  -3.86,
  6.686,
  -3.86,
  6.686,
  -3.86,
  2.985,
  -2.883,
  4.988,
  -2.015,
  8.079,
  -1.717,
  8.71,
  -3.344,
  8.75,
  -4.652,
  7.844,
  -10.039,
  6.396,
  -15.069,
  5.267,
  -14.471,
  5.474,
  -12.896,
  5.566,
  -11.936,
  4.726,
  -10.615,
  4.388,
  -10.337,
  6.952,
  -12.542,
  6.733,
  -13.805,
  1.545,
  -2.676,
  1.545,
  -2.676,
  1.545,
  -2.676,
  -3.232,
  -4.792,
  -4.569,
  1.224,
  -4.459,
  2.371,
  -4.189,
  4.338,
  -3.501,
  5.19,
  -2.706,
  5.31,
  0,
  1.34,
  0,
  1.34,
  0,
  1.34,
  -0.714,
  6.793,
  -0.169,
  9.699,
  0,
  8.38,
  0.13,
  7.429,
  1.131,
  8.051,
  2.316,
  8.645,
  2.475,
  7.618,
  3.008,
  7.445,
  5.066,
  9.14,
  4.926,
  7.304,
  4.113,
  5.264,
  3.992,
  4.757,
  4.202,
  1.871,
  4.784,
  -0.503,
  2.976,
  -3.547,
  4.83,
  -1.758,
  4.83,
  -1.758,
  3.568,
  -2.06,
  3.568,
  -2.06,
  6.686,
  -3.86,
  6.686,
  -3.86,
  5.357,
  -2.274,
  7.1,
  -5.35,
  9.026,
  -5.423,
  9.516,
  -5.275,
  6.696,
  -6.029,
  7.664,
  -12.755,
  8.725,
  -15.112,
  7.087,
  -11.795,
  6.536,
  -10.877,
  5.335,
  -10.938,
  4.3,
  -8.817,
  2.112,
  -9.938,
  4.792,
  -13.918,
  4.759,
  -14.646,
  1.545,
  -2.676,
  1.545,
  -2.676,
  1.519,
  -8.617,
  -0.106,
  -3.028,
  -4.86,
  2.164,
  -4.26,
  2.983,
  -4.214,
  4.214,
  -4.522,
  4.849,
  -3.472,
  4.444,
  0,
  1.34,
  0,
  1.34,
  0,
  1.34,
  -0.117,
  6.709,
  0.999,
  8.139,
  3.83,
  3.214,
  3.83,
  3.214,
  3.83,
  3.214,
  1.826,
  9.394,
  2.272,
  7.43,
  1.836,
  6.006,
  1.657,
  7.796,
  3.398,
  7.287,
  5.051,
  3.946,
  5.243,
  1.114,
  5.43,
  0,
  5.604,
  -1.607,
  4.725,
  -4.406,
  1.8,
  -3.118,
  3.568,
  -2.06,
  3.568,
  -2.06,
  -0.968,
  -0.352,
  -0.968,
  -0.352,
  6.409,
  -0.112,
  7.26,
  -1.15,
  8.573,
  -0.901,
  8.208,
  -1.3,
  8.121,
  -3.616,
  7.528,
  -3.352,
  10.753,
  -12.37,
  9.775,
  -13.454,
  6.859,
  -9.441,
  5.958,
  -7.906,
  3.6,
  -7.066,
  0,
  -5.8,
  0.488,
  -13.981,
  1.958,
  -15.95,
  3.86,
  -6.686,
  3.86,
  -6.686,
  1.519,
  -8.617,
  1.519,
  -8.617,
  -3.86,
  -6.686,
  -1.664,
  5.441,
  -4.208,
  4.064,
  -3.948,
  5.239,
  -2.319,
  6.371,
  -2.493,
  2.868,
  -2.182,
  5.686,
  -0.302,
  5.762,
  -0.124,
  7.109,
  0.389,
  7.43,
  1.969,
  7.898,
  3.83,
  3.214,
  3.83,
  3.214,
  3.83,
  3.214,
  5.684,
  8.118,
  4.228,
  7.627,
  5.387,
  6.419,
  5.619,
  4.55,
  6.333,
  2.559,
  6.036,
  0.211,
  6.335,
  -0.666,
  5.96,
  -1.597,
  5.108,
  -2.831,
  1.8,
  -3.118,
  1.8,
  -3.118,
  1.8,
  -3.118,
  -0.968,
  -0.352,
  -0.968,
  -0.352,
  1.447,
  0.527,
  1.447,
  0.527,
  5.997,
  -1.058,
  7.74,
  0,
  8.603,
  -1.363,
  7.405,
  -1.71,
  7.571,
  -5.705,
  9.092,
  -13.48,
  10.119,
  -8.491,
  3.167,
  -8.702,
  3.167,
  -8.702,
  -5.145,
  -8.911,
  1.25,
  -7.091,
  1.25,
  -7.091,
  -0.518,
  -14.831,
  3.86,
  -6.686,
  3.86,
  -6.686,
  3.86,
  -6.686,
  -3.86,
  -6.686,
  -3.86,
  -6.686,
  -0.779,
  5.546,
  -1.428,
  6.187,
  -1.285,
  6.045,
  -0.094,
  5.399,
  -2.231,
  3.57,
  -1.541,
  5.04,
  1.34,
  0,
  1.34,
  0,
  0.263,
  7.545,
  2.184,
  8.152,
  3.462,
  8.156,
  3.643,
  6.852,
  6.702,
  8.277,
  5.184,
  7.685,
  6.152,
  6.597,
  7.354,
  3.274,
  7.74,
  0.677,
  6.899,
  -0.12,
  6.963,
  -0.609,
  6.43,
  -1.25,
  5.648,
  -2.056,
  5.554,
  -3.079,
  1.231,
  -3.383,
  1.8,
  -3.118,
  1.8,
  -3.118,
  2.481,
  -0.903,
  -0.892,
  -0.515,
  -0.892,
  -0.515,
  2.676,
  -1.545,
  2.676,
  -1.545,
  7.69,
  -4.089,
  8.288,
  -1.018,
  9.427,
  0.494,
  7.943,
  -16.286,
  9.404,
  -11.207,
  2.323,
  -13.177,
  2.323,
  -13.177,
  3.167,
  -8.702,
  -5.145,
  -8.911,
  1.25,
  -7.091,
  1.25,
  -7.091,
  1.25,
  -7.091,
  0.271,
  0.359,
  -2.338,
  -0.992,
  0.584,
  -3.004,
  1.887,
  -3.549,
  1.887,
  -3.549,
  -0.883,
  4.545,
  -1.152,
  5.419,
  -0.853,
  5.383,
  -0.269,
  5.133,
  1.091,
  4.726,
  0.581,
  4.734,
  1.34,
  0,
  1.34,
  0,
  1.34,
  0,
  0.628,
  7.183,
  2.907,
  7.987,
  4.727,
  7.28,
  6.118,
  6.56,
  6.943,
  6.036,
  8.185,
  3.644,
  8.501,
  1.652,
  7.869,
  0.412,
  7.34,
  -0.385,
  6.598,
  -1.163,
  5.777,
  -1.989,
  4.403,
  -1.96,
  3.946,
  -2.662,
  1.231,
  -3.383,
  1.231,
  -3.383,
  1.231,
  -3.383,
  3.476,
  0.613,
  -0.892,
  -0.515,
  -0.892,
  -0.515,
  2.676,
  -1.545,
  2.676,
  -1.545,
  11.544,
  -2.244,
  11.739,
  -2.07,
  12.389,
  -5.777,
  -3.694,
  -10.149,
  -3.694,
  -10.149,
  2.323,
  -13.177,
  2.323,
  -13.177,
  0,
  1.03,
  0,
  1.03,
  1.25,
  -7.091,
  -3.568,
  2.06,
  -1.447,
  0.527,
  0.271,
  0.359,
  0,
  1.03,
  -1.229,
  -4.588,
  1.149,
  -0.69,
  4.451,
  -2.57,
  -1.828,
  2.926,
  -1.368,
  3.759,
  0.827,
  4.688,
  0.366,
  5.237,
  0.281,
  5.363,
  1.825,
  4.299,
  1.34,
  0,
  1.34,
  0,
  2.502,
  4.706,
  1.908,
  4.285,
  4.375,
  5.806,
  6.085,
  4.104,
  7.142,
  2.742,
  8.07,
  1.715,
  8.546,
  1.201,
  8.635,
  0.302,
  8.35,
  -0.584,
  7.357,
  -1.297,
  6.429,
  -2.089,
  5.707,
  -2.423,
  5.339,
  -2.604,
  4.435,
  -2.992,
  1.231,
  -3.383,
  1.231,
  -3.383,
  5.257,
  -2.679,
  6.514,
  -2.9,
  10.554,
  -0.738,
  10.584,
  0.37,
  6.69,
  0,
  6.69,
  0,
  6.69,
  0,
  11.368,
  -1.801,
  -4.63,
  0,
  -3.694,
  -10.149,
  -3.694,
  -10.149,
  -1.517,
  -0.267,
  -1.517,
  -0.267,
  0,
  1.03,
  0,
  1.03,
  3.167,
  -8.702,
  1.697,
  -9.622,
  -1.324,
  -1.578,
  -1.324,
  -1.578,
  0,
  1.03,
  0,
  1.03,
  1.149,
  -0.69,
  4.451,
  -2.57,
  -0.293,
  4.19,
  -0.439,
  3.573,
  -0.984,
  3.671,
  0.07,
  4.029,
  1.332,
  3.867,
  2.527,
  3.479,
  2.157,
  3.08,
  2.964,
  2.862,
  3.254,
  3.743,
  3.839,
  3.109,
  4.372,
  2.627,
  4.583,
  2.54,
  5.739,
  1.976,
  6.876,
  0.24,
  7.679,
  -0.402,
  8.19,
  -0.573,
  7.942,
  -1.116,
  7.532,
  -1.739,
  7.139,
  -2.458,
  6.849,
  -2.907,
  6.799,
  -3.615,
  6.154,
  -3.698,
  6.318,
  -4.591,
  1.324,
  -1.578,
  7.765,
  -0.271,
  7.355,
  3.122,
  9.756,
  3.745,
  8.716,
  3.521,
  6.69,
  0,
  6.69,
  0,
  -4.224,
  -11.605,
  -4.224,
  -11.605,
  -2.758,
  -2.314,
  -4.63,
  0,
  0.705,
  1.936,
  0,
  4.63,
  0,
  4.63,
  1.652,
  1.969,
  -1.057,
  2.904,
  3.167,
  -8.702,
  3.167,
  -8.702,
  -3.345,
  -5.794,
  -3.345,
  -5.794,
  1.293,
  -2.151,
  5.627,
  -7.202,
  4.165,
  -7.513,
  2.939,
  -5.527,
  0.541,
  3.852,
  0.196,
  3.745,
  -0.406,
  2.892,
  0.169,
  3.226,
  1.601,
  3.011,
  2.284,
  2.284,
  3.653,
  1.861,
  4.206,
  2.628,
  3.973,
  1.938,
  4.066,
  1.166,
  4.901,
  1.042,
  5.709,
  0.1,
  5.594,
  -0.986,
  6.414,
  -1.719,
  6.713,
  -1.55,
  7.1,
  -1.252,
  7.254,
  -1.41,
  6.748,
  -1.935,
  6.36,
  -2.57,
  5.624,
  -2.991,
  5.863,
  -2.251,
  5.472,
  -0.287,
  1.324,
  -1.578,
  1.324,
  -1.578,
  1.324,
  -1.578,
  7.112,
  6.404,
  5.411,
  5.604,
  4.062,
  5.59,
  8.253,
  1.455,
  0.218,
  -3.122,
  0.218,
  -3.122,
  -4.224,
  -11.605,
  -2.758,
  -2.314,
  -1.584,
  -4.351,
  -1.584,
  -4.351,
  0,
  4.63,
  0,
  4.63,
  1.652,
  1.969,
  1.652,
  1.969,
  5.52,
  -9.561,
  -3.345,
  -5.794,
  -3.345,
  -5.794,
  -3.345,
  -5.794,
  3.62,
  -8.131,
  4.116,
  -6.102,
  4.04,
  -6.997,
  3.955,
  -6.85,
  2.098,
  2.888,
  2.821,
  2.284,
  2.605,
  1.824,
  2.468,
  1.86,
  3.087,
  1.929,
  3.54,
  2.127,
  3.516,
  2.03,
  5.003,
  1.625,
  5.304,
  1.826,
  4.831,
  1.57,
  4.938,
  0.96,
  5.131,
  0.63,
  4.833,
  -2.051,
  5.702,
  -2.906,
  6.005,
  -2.186,
  5.408,
  -1.862,
  5.947,
  -2.048,
  5.366,
  -1.338,
  4.839,
  -0.084,
  4.159,
  0.511,
  4.848,
  1.482,
  5.658,
  2.883,
  5.706,
  5.706,
  1.324,
  -1.578,
  6.534,
  2.25,
  6.883,
  2.37,
  11.737,
  -5.473,
  3.6,
  -6.235,
  3.6,
  -6.235,
  2.054,
  -11.65,
  2.054,
  -11.65,
  3.167,
  -8.702,
  0,
  -5.14,
  3.706,
  -2.5,
  -1.584,
  -4.351,
  0.335,
  -9.584,
  -0.763,
  -1.564,
  1.652,
  1.969,
  1.652,
  1.969,
  4.239,
  -8.691,
  3.7,
  -8.717,
  3.915,
  -8.026,
  2.027,
  -9.537,
  3.042,
  -7.529,
  3.047,
  -6.247,
  2.772,
  -6.861,
  3.165,
  -6.788,
  2.14,
  2.216,
  3.38,
  1.505,
  4.182,
  0.813,
  3.734,
  1.433,
  3.417,
  1.312,
  4.529,
  1.559,
  4.266,
  1.899,
  0,
  0.45,
  4.803,
  1.654,
  4.397,
  0.54,
  3.645,
  -0.191,
  3.593,
  -1.237,
  3.564,
  -1.816,
  4.802,
  -2.662,
  4.917,
  -1.598,
  5.272,
  -1.121,
  4.585,
  -0.644,
  4.899,
  0.086,
  4.353,
  0.381,
  3.482,
  2.349,
  4.581,
  3.982,
  5.339,
  3.601,
  5.317,
  3.07,
  6.576,
  3.35,
  12.599,
  -6.419,
  12.151,
  -9.493,
  10.005,
  -11.509,
  3.6,
  -6.235,
  3.6,
  -6.235,
  2.054,
  -11.65,
  2.054,
  -11.65,
  0,
  -5.14,
  0,
  -5.14,
  2.11,
  -5.798,
  4.265,
  -12.386,
  3.269,
  -11.401,
  3.067,
  -10.032,
  3.441,
  -9.453,
  3.268,
  -8.514,
  3.636,
  -8.167,
  4.172,
  -8.188,
  2.95,
  -8.566,
  2.143,
  -7.998,
  1.835,
  -6.848,
  1.957,
  -5.683,
  1.345,
  -6.329,
  1.808,
  -6.306,
  2.434,
  0.652,
  3.212,
  0.801,
  2.925,
  0.622,
  3.712,
  0.456,
  2.819,
  -1.026,
  2.819,
  -1.026,
  4.82,
  0.763,
  1.879,
  -0.684,
  1.879,
  -0.684,
  3.152,
  -0.22,
  0,
  0.45,
  1.96,
  -0.489,
  3.151,
  -0.499,
  2.802,
  0.394,
  4.245,
  0.748,
  4.612,
  0.404,
  4.499,
  0.956,
  4.069,
  1.727,
  4.357,
  2.22,
  4.021,
  2.712,
  4.751,
  3.327,
  3.808,
  3.084,
  4.674,
  4.674,
  10.552,
  -10.927,
  9.987,
  -12.333,
  9.058,
  -12.467,
  8.811,
  -11.692,
  7.84,
  -11.623,
  6.64,
  -11.501,
  4.825,
  -11.942,
  3.785,
  -11.65,
  1.936,
  -5.319,
  1.936,
  -5.319,
  2.11,
  -5.798,
  2.11,
  -5.798,
  4.071,
  -10.605,
  2.487,
  -9.975,
  3.398,
  -8.41,
  3.109,
  -8.542,
  2.354,
  -8.209,
  2.241,
  -8.365,
  1.701,
  -8.001,
  1.052,
  -7.486,
  0.998,
  -6.301,
  1.04,
  -5.35,
  1.345,
  -5.827,
  1.454,
  -5.831,
  0.671,
  -0.859,
  -0.962,
  -1.426,
  0.212,
  -1.727,
  2.255,
  -2.504,
  2.819,
  -1.026,
  2.819,
  -1.026,
  2.115,
  0.148,
  1.879,
  -0.684,
  1.879,
  -0.684,
  -0.45,
  0,
  2.159,
  0.701,
  2.658,
  0.093,
  1.286,
  -1.532,
  0.948,
  -0.948,
  1.532,
  -1.286,
  4.242,
  1.378,
  3.88,
  2.24,
  3.313,
  2.88,
  2.934,
  2.934,
  4.075,
  3.543,
  3.819,
  4.096,
  7.236,
  0.888,
  6.619,
  -10.592,
  8.221,
  -10.909,
  7.641,
  -12.229,
  8.241,
  -11.342,
  8.201,
  -10.496,
  6.629,
  -11.032,
  5.766,
  -11.316,
  4.595,
  -10.825,
  4.007,
  -10.437,
  1.936,
  -5.319,
  1.936,
  -5.319,
  2.11,
  -5.798,
  2.11,
  -5.798,
  3.598,
  -9.373,
  2.957,
  -9.102,
  2.547,
  -8.329,
  2.459,
  -8.043,
  1.699,
  -7.991,
  2.086,
  -7.785,
  0.555,
  -7.931,
  0.851,
  -6.928,
  -0.218,
  -6.256,
  0.695,
  -5.658,
  -0.18,
  -5.157,
  0.685,
  -5.578,
  -1.466,
  -0.103,
  0.141,
  1.614,
  0.319,
  2.015,
  0.345,
  2.809,
  0.359,
  2.555,
  1.895,
  1.895,
  2.988,
  2.507,
  2.916,
  2.042,
  2.22,
  1.673,
  -0.45,
  0,
  -0.45,
  0,
  1.307,
  0.091,
  1.286,
  -1.532,
  1.286,
  -1.532,
  1.532,
  -1.286,
  1.532,
  -1.286,
  2.841,
  2.744,
  2.014,
  3.788,
  2.192,
  4.494,
  4.342,
  4.342,
  6.947,
  -4.686,
  6.401,
  -9.142,
  4.995,
  -9.395,
  5.561,
  -10.032,
  6.438,
  -10.715,
  7.264,
  -10.769,
  6.479,
  -10.783,
  5.905,
  -10.228,
  5.413,
  -10.18,
  4.064,
  -10.06,
  4.146,
  -9.767,
  3.937,
  -3.304,
  2.315,
  -4.01,
  2.315,
  -4.01,
  3.487,
  -9.084,
  2.763,
  -9.037,
  2.564,
  -8.387,
  1.654,
  -8.511,
  0.902,
  -7.345,
  0.916,
  -7.464,
  0.502,
  -7.172,
  0.126,
  -7.229,
  -0.502,
  -7.182,
  -0.765,
  -6.233,
  -0.517,
  -4.208,
  -0.84,
  -4.766,
  -0.837,
  -4.747
]