

[
  5.288,
  -1.318,
  6.556,
  -0.921,
  6.084,
  -1.293,
  4.696,
  -2.091,
  5.664,
  -2.522,
  5.573,
  -1.493,
  1.667,
  0.205,
  1.55,
  1.446,
  2.807,
  0.597,
  2.572,
  1.938,
  2.548,
  1.298,
  3.052,
  0.483,
  4.156,
  -0.733,
  4.337,
  -1.162,
  4.159,
  -0.511,
  3.006,
  -1.338,
  2.965,
  -1.644,
  3.111,
  -2.021,
  3.778,
  -2.847,
  4.573,
  -3.837,
  5.142,
  -6.128,
  5.142,
  -6.128,
  5.142,
  -6.128,
  5.142,
  -6.128,
  -0.58,
  -2.514,
  -0.457,
  -2.152,
  1.236,
  -1.153,
  1.3,
  -2.446,
  1.753,
  -1.947,
  0.055,
  -3.17,
  1.247,
  -2.674,
  1.45,
  -2.511,
  -1.526,
  0.324,
  -0.946,
  -0.382,
  -0.866,
  0.5,
  0.3,
  -1.704,
  -0.091,
  -1.297,
  1.196,
  -1.077,
  0.448,
  -1.167,
  3.338,
  0.832,
  1.841,
  -0.781,
  2.487,
  0.856,
  7.43,
  0.389,
  10.427,
  -2.216,
  11.239,
  -2.389,
  13.36,
  0,
  13.412,
  0.703,
  5.344,
  -2.379,
  6.524,
  -2.246,
  8.616,
  -2.634,
  5.509,
  0.096,
  4.306,
  0.453,
  6.209,
  0.873,
  3.105,
  -0.774,
  2.105,
  1.367,
  5.436,
  0.959,
  7.354,
  2.109,
  3.938,
  0.414,
  3.357,
  -0.472,
  4.395,
  -1.096,
  4.973,
  -0.523,
  4.02,
  -0.565,
  3.423,
  -1.179,
  3.958,
  -1.519,
  3.715,
  -1.893,
  4.264,
  -3.707,
  5.328,
  -4.798,
  5.952,
  -4.994,
  5.142,
  -6.128,
  5.142,
  -6.128,
  2.335,
  -4.044,
  0.091,
  -2.608,
  3.155,
  -2.292,
  1.041,
  0.577,
  0.231,
  -3.302,
  2.076,
  -2.965,
  -0.84,
  -1.58,
  1.786,
  -2.751,
  3.3,
  -3.796,
  1.434,
  -3.378,
  -0.866,
  0.5,
  -0.866,
  0.5,
  -0.866,
  0.5,
  -0.866,
  0.5,
  1.278,
  -1.578,
  1.323,
  -0.617,
  1.293,
  -1.164,
  1.906,
  -0.234,
  4.862,
  0.683,
  8.118,
  -1.578,
  9.737,
  -1.196,
  10.239,
  -1.439,
  10.859,
  -0.95,
  11.288,
  0.197,
  6.734,
  -1.309,
  8.179,
  -0.716,
  8.279,
  0.145,
  9.049,
  -0.158,
  8.069,
  0.141,
  7.692,
  -0.944,
  8.06,
  -1.277,
  10.042,
  1.952,
  10.391,
  2.98,
  11.533,
  3.526,
  5.008,
  0.35,
  5.876,
  -0.721,
  6.236,
  -0.218,
  6.11,
  0,
  5.367,
  -0.375,
  4.412,
  -1.265,
  3.891,
  -2.724,
  3.889,
  -3.889,
  4.143,
  -5.303,
  5.661,
  -6.287,
  5.908,
  -5.32,
  5.018,
  -5.574,
  3.38,
  -5.854,
  1.828,
  -1.428,
  -0.469,
  -1.287,
  2.85,
  -2.85,
  4.522,
  -3.286,
  5.175,
  -2.413,
  -1.455,
  -0.363,
  -0.914,
  -0.664,
  -1.281,
  -0.8,
  -0.304,
  -0.995,
  1.018,
  -1.837,
  -0.866,
  0.5,
  -0.866,
  0.5,
  -0.866,
  0.5,
  -1.032,
  0.46,
  1.697,
  -0.941,
  2.154,
  -1.346,
  3.729,
  -0.065,
  7.486,
  -1.052,
  9.636,
  -0.674,
  10.433,
  -1.097,
  11.572,
  -0.809,
  11.203,
  -0.783,
  10.468,
  -0.183,
  11.013,
  0.385,
  8.37,
  0,
  6.933,
  0.485,
  8.764,
  1.232,
  8.128,
  1.58,
  7.824,
  1.521,
  6.46,
  1.139,
  3.958,
  0.138,
  6.172,
  -0.323,
  3.68,
  -0.986,
  3.689,
  -2.68,
  7.686,
  -1.494,
  7.42,
  -0.389,
  5.457,
  0.382,
  6.411,
  -1.13,
  6.309,
  -0.11,
  2.929,
  -2.128,
  2.114,
  -3.813,
  3.622,
  -5.577,
  4.134,
  -6.366,
  4.619,
  -6.848,
  3.3,
  -6.207,
  3.347,
  -6.295,
  1.291,
  -5.593,
  4.269,
  -4.578,
  1.876,
  -3.847,
  3.656,
  -5.032,
  6.606,
  -3.222,
  5.997,
  -1.058,
  1.789,
  -1.789,
  -0.696,
  -1.638,
  -0.543,
  -0.98,
  -0.855,
  0.77,
  -2.729,
  2.729,
  -2.245,
  -1.144,
  -2.976,
  -2.41,
  -3.348,
  -0.53,
  -1.198,
  1.589,
  2.377,
  0.25,
  4.712,
  -0.916,
  6.146,
  -2.237,
  7.25,
  -3.381,
  9.516,
  -2.729,
  10.454,
  -0.365,
  11.668,
  0.204,
  12.738,
  0.222,
  12.054,
  1.267,
  11.626,
  1.017,
  5.649,
  0.594,
  8.738,
  0.458,
  7.139,
  0.125,
  8.85,
  1.402,
  7.542,
  1.603,
  5.241,
  0.643,
  2.719,
  -1.57,
  7.526,
  -2.301,
  3.619,
  0.063,
  2.491,
  -1.618,
  5.037,
  0.176,
  2.128,
  0.224,
  1.494,
  -1.547,
  1.774,
  -1.197,
  2.353,
  -1.304,
  1.852,
  -4.363,
  0,
  -3,
  0,
  -3,
  0,
  -3,
  0.258,
  -2.949,
  0.304,
  -4.349,
  0.154,
  -4.407,
  1.084,
  -4.696,
  0.674,
  -1.669,
  1.229,
  -3.202,
  1.762,
  -4.151,
  9.644,
  -4.704,
  6.791,
  -2.206,
  2.25,
  -3.897,
  0.391,
  -0.921,
  -0.303,
  -0.104,
  -1.135,
  5.841,
  -3.266,
  -2.461,
  -3.6,
  -3.998,
  -2.997,
  -4.444,
  -1.981,
  -4.063,
  -0.116,
  -3.308,
  2.161,
  -4.431,
  3.303,
  -4.547,
  4.016,
  -4.016,
  4.264,
  -3.976,
  5.816,
  -3.224,
  7.926,
  -3.043,
  10.016,
  -0.525,
  11.523,
  0.402,
  12.841,
  1.123,
  13.052,
  1.603,
  6.114,
  -0.968,
  8.7,
  0,
  8.03,
  1.272,
  4.49,
  0.954,
  2.768,
  0.794,
  1.287,
  1.2,
  1.144,
  0.328,
  4.851,
  1.21,
  2.373,
  -1.157,
  1.905,
  -0.929,
  2.854,
  -0.3,
  3.501,
  -0.368,
  3.09,
  -0.054,
  1.668,
  -0.778,
  2.172,
  -3.918,
  2.769,
  -5.435,
  0,
  -3,
  0,
  -3,
  0,
  -3,
  0.386,
  -3.67,
  -0.482,
  -3.042,
  0.283,
  -3.238,
  2.059,
  -4.851,
  1.081,
  -3.139,
  2.852,
  -2.31,
  -1.105,
  -0.317,
  0.248,
  -0.927,
  2.309,
  -0.933,
  6.64,
  0.815,
  -1.559,
  -0.054,
  1.17,
  1.497,
  3.557,
  -2.137,
  7.2,
  -4.326,
  5.065,
  -6.036,
  3.675,
  -6.63,
  1.938,
  -5.963,
  0.391,
  -5.596,
  -0.207,
  -5.926,
  1.327,
  -5.749,
  2.111,
  -5.499,
  3.101,
  -5.16,
  3.976,
  -4.264,
  5.95,
  -3.435,
  7.892,
  -1.534,
  10.024,
  -0.35,
  11.285,
  0.591,
  12.481,
  1.312,
  3.188,
  0.279,
  6.636,
  1.29,
  3.28,
  1.194,
  2.516,
  0.264,
  -0.124,
  0.78,
  1.729,
  -0.463,
  0.08,
  1.518,
  4.629,
  0.081,
  8.2,
  -0.573,
  7.979,
  0.418,
  8.506,
  1.044,
  6.855,
  1.086,
  2.283,
  -0.28,
  1.695,
  -3.187,
  2.909,
  -5.248,
  3.806,
  -6.866,
  1.272,
  -5.986,
  -1.462,
  -3.136,
  -1.564,
  -2.002,
  -0.59,
  -1.39,
  -0.022,
  -1.27,
  -0.42,
  -0.727,
  0.404,
  0.116,
  0.617,
  -1.323,
  4.44,
  -2.668,
  2.572,
  -1.545,
  2.993,
  -0.474,
  2.066,
  0.477,
  0.721,
  -0.505,
  0.855,
  -1.317,
  3.137,
  -4.831,
  4.659,
  -4.344,
  5.018,
  -4.21,
  6.197,
  -5.2,
  6.581,
  -5.721,
  6.488,
  -6.266,
  6.337,
  -6.12,
  6.237,
  -6.023,
  4.357,
  -5.782,
  4.384,
  -5.224,
  3.034,
  -5.049,
  3.627,
  -3.627,
  5.046,
  -3.533,
  6.589,
  -3.072,
  9.2,
  -1.293,
  10.376,
  0.544,
  11.417,
  1.2,
  4.067,
  1.09,
  3.196,
  1.845,
  0.684,
  1.879,
  0.684,
  1.879,
  0.684,
  1.879,
  3.422,
  0.239,
  1.873,
  0.757,
  0.975,
  1.205,
  1.329,
  -0.406,
  3.315,
  -0.174,
  3.78,
  0,
  3.047,
  -0.874,
  3.841,
  -3.339,
  3.846,
  -4.125,
  2.456,
  -6.747,
  2.312,
  -4.958,
  -1.71,
  -2.962,
  -0.84,
  -1.397,
  -1.005,
  -0.447,
  -0.843,
  -2.086,
  0.137,
  -1.564,
  0.617,
  -4.387,
  -0.125,
  -3.568,
  0.777,
  -3.115,
  4.589,
  -0.809,
  4.784,
  1.193,
  3.287,
  -0.699,
  1.187,
  -0.504,
  1.195,
  -1.003,
  5.889,
  -3.538,
  8.955,
  -5.17,
  9.235,
  -4.306,
  10.012,
  -4.458,
  9.784,
  -4.356,
  9.32,
  -4.546,
  9.103,
  -4.84,
  8.799,
  -4.877,
  8.574,
  -5.357,
  8.623,
  -5.181,
  7.904,
  -4.939,
  7.268,
  -4.541,
  5.785,
  -3.34,
  6.23,
  -2.774,
  7.442,
  -1.856,
  8.798,
  -0.461,
  9.737,
  0.51,
  10.382,
  1.275,
  6.265,
  -0.659,
  -0.318,
  -0.318,
  2.429,
  0.743,
  0.684,
  1.879,
  0.684,
  1.879,
  3.701,
  -0.259,
  1.517,
  0.267,
  2.373,
  0.418,
  2.61,
  0.046,
  4.25,
  -0.297,
  5.04,
  -2.91,
  6.816,
  -3.473,
  8.028,
  -4.635,
  5.362,
  -4.5,
  3.478,
  -5.157,
  1.194,
  -3.28,
  0.425,
  -1.842,
  -0.936,
  -0.498,
  -1.936,
  -0.307,
  -1.85,
  -3.479,
  -1.958,
  -1.371,
  -1.409,
  -0.951,
  -0.756,
  -0.26,
  1.68,
  -2.075,
  4.77,
  0,
  -0.815,
  -1.412,
  3.685,
  -1.797,
  9.068,
  -3.3,
  11.377,
  -4.829,
  11.143,
  -5.925,
  10.834,
  -5.76,
  11.602,
  -6.169,
  11.036,
  -4.913,
  10.751,
  -4.564,
  10.503,
  -4.458,
  9.894,
  -4.405,
  9.626,
  -4.695,
  9.689,
  -4.726,
  9.572,
  -4.669,
  8.981,
  -4.576,
  8.17,
  -3.985,
  7.912,
  -3.689,
  7.545,
  -2.307,
  6.64,
  -3.53,
  7.077,
  -4.956,
  8.839,
  -2.204,
  8.883,
  -1.091,
  3.701,
  1.131,
  2.178,
  0.708,
  -0.318,
  -0.318,
  -0.318,
  -0.318,
  1.879,
  -0.684,
  1.879,
  -0.684,
  3.347,
  -0.293,
  4.542,
  -1.389,
  4.748,
  -0.332,
  5.873,
  -2.138,
  7.574,
  -4.198,
  8.667,
  -6.068,
  8.642,
  -6.998,
  5.196,
  -3,
  6.877,
  -4.466,
  4.342,
  -3.04,
  5.071,
  -5.251,
  5.353,
  -5.945,
  4.676,
  -5.774,
  0.769,
  -3.086,
  -2.521,
  -0.445,
  -1.795,
  -2.564,
  -1.023,
  -2.531,
  2.62,
  -1.637,
  5.294,
  -0.838,
  3.833,
  -2.489,
  8.484,
  -4.703,
  8.846,
  -5.967,
  9.862,
  -7.165,
  9.384,
  -7.071,
  9.168,
  -6.909,
  9.945,
  -6.963,
  10.303,
  -6.191,
  9.941,
  -4.848,
  9,
  -4.989,
  8.947,
  -4.96,
  9.213,
  -4.493,
  9.245,
  -4.116,
  8.979,
  -4.379,
  8.655,
  -4.222,
  8.53,
  -4.16,
  8.266,
  -3.854,
  8.523,
  -3.102,
  7.335,
  -2.242,
  2.739,
  -5.873,
  5.02,
  -3.137,
  6.779,
  -1.441,
  5.554,
  1.488,
  4.269,
  1.064,
  4.619,
  -1.152,
  2.921,
  -0.411,
  1.879,
  -0.684,
  1.879,
  -0.684,
  1.879,
  -0.684,
  5.487,
  -1.166,
  6.395,
  -2.455,
  6.267,
  -3.916,
  7.228,
  -5.446,
  8.164,
  -6.378,
  5.196,
  -3,
  5.196,
  -3,
  5.196,
  -3,
  7.647,
  -6.885,
  7.325,
  -7.855,
  7.138,
  -8.211,
  6.738,
  -7.751,
  6.101,
  -7.809,
  3.779,
  -7.108,
  -0.248,
  -2.357,
  0.207,
  -2.963,
  1.489,
  -2.923,
  3.465,
  -4.129,
  2.639,
  -4.223,
  4.303,
  -5.508,
  3.285,
  -5.258,
  6.166,
  -8.806,
  7.621,
  -8.464,
  8.264,
  -7.707,
  8.618,
  -7.231,
  9.111,
  -6.146,
  9.421,
  -5.009,
  9.084,
  -3.487,
  8.404,
  -3.567,
  8.569,
  -3.815,
  8.441,
  -3.758,
  8.512,
  -4.151,
  8.53,
  -4.925,
  7.873,
  -3.84,
  8.524,
  -3.272,
  8.682,
  -3.333,
  9.492,
  -3.084,
  9.796,
  -3.183,
  8.676,
  -4.809,
  8.323,
  -4.059,
  0.347,
  1.97,
  2.917,
  -0.892,
  2.394,
  -1.938,
  4.079,
  -2.751,
  4.634,
  -3.126,
  5.023,
  -3.018,
  6.472,
  -3.889,
  7.016,
  -3.124,
  6.246,
  -2.397,
  5.906,
  -3.41,
  6.32,
  -5.303,
  7.865,
  -6.369,
  5.196,
  -3,
  5.196,
  -3,
  5.196,
  -3,
  8.579,
  -8,
  8.62,
  -7.762,
  7.604,
  -8.155,
  7.899,
  -9.087,
  7.54,
  -8.986,
  5.335,
  -7.909,
  1.993,
  -4.476,
  0.646,
  -4.595,
  -0.784,
  -2.927,
  0.51,
  0,
  0.51,
  0,
  4.252,
  -2.761,
  8.702,
  -3.167,
  8.702,
  -3.167,
  4.821,
  -8.023,
  6.286,
  -7.492,
  7.177,
  -7.177,
  8.121,
  -6.576,
  8.282,
  -5.586,
  8.311,
  -3.875,
  8.179,
  -2.816,
  8.664,
  -4.04,
  8.075,
  -3.766,
  8.15,
  -4.333,
  7.972,
  -3.888,
  7.452,
  -3.962,
  8.169,
  -2.813,
  9.209,
  -2.641,
  8.927,
  -4.163,
  9.371,
  -3.978,
  9.821,
  -2.087,
  7.559,
  -0.132,
  0.347,
  1.97,
  3.385,
  0.416,
  3.915,
  -1.826,
  4.146,
  -2.298,
  4.427,
  -2.766,
  4.944,
  -3.089,
  6.691,
  -3.709,
  7.089,
  -3.156,
  6.729,
  -2.856,
  4.594,
  -5.673,
  5.701,
  -7.297,
  6.718,
  -7.728,
  6.894,
  -5.785,
  6.828,
  -7.071,
  6.508,
  -7.487,
  6.967,
  -7.215,
  7.996,
  -8.881,
  8.679,
  -9.639,
  8.62,
  -9.244,
  7.26,
  -8.063,
  5.732,
  -7.336,
  4.363,
  -5.019,
  3.927,
  -4.849,
  -1.545,
  -2.676,
  0.328,
  0.391,
  0.51,
  0,
  8.702,
  -3.167,
  8.702,
  -3.167,
  8.702,
  -3.167,
  5.403,
  -7.716,
  6.604,
  -6.604,
  7.938,
  -5.558,
  7.649,
  -4.78,
  7.395,
  -4.621,
  7.532,
  -4.005,
  7.687,
  -2.647,
  7.805,
  -2.996,
  7.766,
  -3.788,
  7.907,
  -3.356,
  6.896,
  -3.667,
  8.014,
  -2.45,
  8.53,
  -2.608,
  8.132,
  -4.324,
  8.528,
  -4.727,
  8.717,
  -5.238,
  10.214,
  -3.718,
  10.232,
  -3.928,
  7.437,
  -1.178,
  7.129,
  0.124,
  3.28,
  -3.518,
  3.542,
  -4.221,
  4.987,
  -4.49,
  5.886,
  -3.97,
  6.362,
  -3.241,
  5.42,
  -2.643,
  6.843,
  -3.638,
  3.646,
  -6.069,
  4.414,
  -7.064,
  3.304,
  -4.718,
  4.726,
  -5.836,
  4.55,
  -6.038,
  4.086,
  -6.538,
  6.571,
  -9.045,
  7.89,
  -10.47,
  8.693,
  -10,
  8.578,
  -9.527,
  7.263,
  -8.355,
  5.681,
  -7.539,
  5.022,
  -7.445,
  -3.085,
  -5.343,
  -3.085,
  -5.343,
  0,
  -2.57,
  0,
  0.51,
  5.319,
  -1.936,
  5.319,
  -1.936,
  5.319,
  -1.936,
  2.606,
  -4.9,
  2.767,
  -7.602,
  4.145,
  -7.478,
  4.903,
  -2.286,
  5.622,
  -2.865,
  5.804,
  -2.345,
  6.792,
  -1.693,
  7.705,
  -2.805,
  7.502,
  -3.184,
  6.934,
  -3.087,
  7.223,
  -2.918,
  7.515,
  -2.885,
  6.849,
  -4.115,
  8.194,
  -4.357,
  1.652,
  -1.969,
  1.652,
  -1.969,
  1.652,
  -1.969,
  10.984,
  -5.122,
  3.396,
  -2.654,
  4.649,
  -2.168,
  3.798,
  -2.967,
  0,
  0.89,
  0,
  0.89,
  0,
  -1.34,
  0,
  -1.34,
  0,
  -1.34,
  4.257,
  -1.895,
  3.256,
  -4.321,
  1.993,
  -4.933,
  4.493,
  -5.355,
  4.467,
  -4.625,
  4.072,
  -4.366,
  5.058,
  -5.819,
  6.089,
  -6.763,
  7.019,
  -8.983,
  7.59,
  -9.372,
  7.681,
  -9.154,
  7.281,
  -8.992,
  5.895,
  -8.114,
  4.764,
  -7.624,
  -3.085,
  -5.343,
  0,
  -2.57,
  0,
  -2.57,
  1.447,
  -0.527,
  1.447,
  -0.527,
  5.319,
  -1.936,
  5.319,
  -1.936,
  6.066,
  -1.625,
  4.918,
  -2.615,
  4.796,
  -6.139,
  4.651,
  -4.988,
  4.537,
  -2.835,
  4.406,
  -2.343,
  5.276,
  -2.132,
  6.096,
  -2.34,
  6.572,
  -2.523,
  6.49,
  -2.755,
  6.97,
  -3.103,
  6.26,
  -3.329,
  6.529,
  -4.571,
  5.891,
  -4.943,
  1.652,
  -1.969,
  1.652,
  -1.969,
  -0.537,
  -3.043,
  1.181,
  -0.654,
  3.038,
  -1.482,
  3.301,
  -2.312,
  2.294,
  -3.277,
  0,
  0.89,
  0,
  0.89,
  0,
  0.89,
  0,
  -1.34,
  0,
  -1.34,
  6.202,
  -3.025,
  4.672,
  -4.061,
  0,
  -7,
  0,
  -7,
  0,
  -7,
  5.283,
  -8.135,
  6.63,
  -9.126,
  6.151,
  -9.119,
  6.254,
  -8.608,
  6.101,
  -8.398,
  6.184,
  -8.511,
  6.524,
  -8.657,
  5.69,
  -8.126,
  4.774,
  -7.946,
  3.888,
  -8.733,
  -1.447,
  -0.527,
  1.447,
  -0.527,
  1.447,
  -0.527,
  -0.089,
  0.502,
  -0.089,
  0.502,
  2.038,
  -0.546,
  6.704,
  -2.05,
  8.122,
  -2.797,
  6.719,
  -2.445,
  5.47,
  -1.568,
  5.126,
  -1.666,
  5.007,
  -2.023,
  5.132,
  -2.615,
  5.783,
  -2.946,
  6.249,
  -2.782,
  6.479,
  -2.487,
  6.796,
  -2.746,
  6.38,
  -2.975,
  4.717,
  -3.82,
  -0.879,
  -2.415,
  -0.879,
  -2.415,
  -0.285,
  -1.34,
  -0.537,
  -3.043,
  1.285,
  2.226,
  1.896,
  -1.964,
  2.767,
  -2.24,
  2.543,
  -2.211,
  2.103,
  -3.117,
  1.643,
  -2.629,
  2.272,
  -1.975,
  5.786,
  -2.338,
  5.512,
  -1.898,
  6.324,
  -4.107,
  4.983,
  -3.755,
  0,
  -7,
  0,
  -7,
  0,
  -7,
  5.124,
  -8.201,
  5.539,
  -8.529,
  5.779,
  -8.898,
  6.195,
  -8.847,
  6.078,
  -9.012,
  4.575,
  -7.924,
  4.732,
  -8.536,
  5.267,
  -8.11,
  3.396,
  -7.628,
  -1.447,
  -0.527,
  -1.447,
  -0.527,
  -1.447,
  -0.527,
  -0.089,
  0.502,
  -0.089,
  0.502,
  0.968,
  0.352,
  0.968,
  0.352,
  4.242,
  -1.978,
  7.815,
  -1.661,
  7.704,
  -1.22,
  6.923,
  -0.484,
  5.62,
  -0.89,
  5.757,
  -1.543,
  6.166,
  -2.491,
  0,
  0.51,
  0,
  0.51,
  -1.8,
  -3.118,
  1.03,
  -1.784,
  1.03,
  -1.784,
  3.792,
  -4.854,
  -0.879,
  -2.415,
  -0.879,
  -2.415,
  0,
  0.51,
  1.285,
  2.226,
  1.285,
  2.226,
  2.791,
  -2.028,
  3.514,
  -2.282,
  3.618,
  -2.726,
  3.291,
  -3.069,
  2.698,
  -3.713,
  4.421,
  -3.454,
  -1.79,
  0,
  -1.79,
  0,
  3.917,
  -3.405,
  3.709,
  -3.841,
  4.724,
  -6.269,
  4.51,
  -7.217,
  4.887,
  -6.979,
  4.372,
  -6.996,
  4.707,
  -7.835,
  4.896,
  -7.836,
  5.034,
  -8.056,
  4.965,
  -8.263,
  4.404,
  -8.643,
  3.884,
  -8.329,
  3.895,
  -7.645,
  3.002,
  -6.742,
  -2.06,
  0,
  -1.447,
  -0.527,
  -1.447,
  -0.527,
  1.975,
  -0.798,
  1.014,
  0.179,
  1.014,
  0.179,
  2.676,
  1.545,
  2.676,
  1.545,
  3.663,
  -4.689,
  4.732,
  -0.414,
  5.122,
  -0.538,
  6.456,
  -0.225,
  6.655,
  -1.294,
  -0.179,
  1.014,
  -0.179,
  1.014,
  0,
  0.51,
  -1.8,
  -3.118,
  1.03,
  -1.784,
  1.03,
  -1.784,
  2.122,
  -1.432,
  1.253,
  -1.857,
  0,
  0.51,
  0,
  0.51,
  0.039,
  2.24,
  0.039,
  2.24,
  4.868,
  -1.304,
  4.855,
  -1.864,
  4.215,
  -2.634,
  4.002,
  -3.241,
  3.28,
  -3.518,
  2.911,
  -2.714,
  -1.79,
  0,
  -1.79,
  0,
  -1.79,
  0,
  3.117,
  -4.137,
  3.505,
  -6.879,
  3.419,
  -7.011,
  3.184,
  -7.502,
  3.141,
  -7.401,
  3.695,
  -7.253,
  3.789,
  -7.125,
  3.664,
  -7.19,
  3.652,
  -7.487,
  3.238,
  -7.272,
  2.981,
  -6.696,
  2.848,
  -6.109,
  2.383,
  -5.615,
  -2.06,
  0,
  -2.06,
  0,
  -2.06,
  0,
  0.481,
  -0.267,
  1.014,
  0.179,
  1.014,
  0.179,
  2.676,
  1.545,
  2.676,
  1.545,
  1.699,
  -3.643,
  1.075,
  -3.31,
  2.11,
  -0.81,
  -1.285,
  -2.226,
  -1.285,
  -2.226,
  -0.179,
  1.014,
  -0.179,
  1.014,
  0,
  1.03,
  0,
  1.03,
  1.03,
  -1.784,
  1.936,
  -0.705,
  0,
  1.03,
  1.348,
  -1.789,
  1.285,
  2.226,
  1.285,
  2.226,
  5.806,
  -0.203,
  5.798,
  -2.11,
  4.386,
  -1.772,
  4.336,
  -2.816,
  3.971,
  -3.703,
  3.835,
  -3.971,
  3.169,
  -3.645,
  2.385,
  -2.842,
  -1.79,
  0,
  -1.79,
  0,
  2.721,
  -3.483,
  2.78,
  -3.69,
  1.937,
  -4.794,
  1.781,
  -7.141,
  1.92,
  -7.167,
  2.034,
  -7.094,
  2.39,
  -6.94,
  2.852,
  -6.72,
  2.418,
  -6.644,
  2.203,
  -6.052,
  2.272,
  -5.919,
  3.215,
  -5.569,
  1.97,
  -4.877,
  0.704,
  -3.622,
  -2.06,
  0,
  -2.06,
  0,
  0.071,
  -0.333,
  0.543,
  1.344,
  0.933,
  0.755,
  2.578,
  1.041,
  0,
  1.03,
  0,
  1.03,
  0,
  1.03,
  1.345,
  -4.399,
  -2.531,
  -0.446,
  -1.285,
  -2.226,
  -1.285,
  -2.226,
  1.334,
  0.77,
  1.334,
  0.77,
  0,
  1.03,
  0,
  1.03,
  0,
  0.51,
  -1.285,
  -2.226,
  1.936,
  -0.705,
  1.936,
  -0.705,
  1.285,
  2.226,
  0,
  2.24,
  0.279,
  1.311,
  5.798,
  -2.11,
  4.588,
  -2.867,
  3.467,
  -3.233,
  2.828,
  -3.253,
  2.758,
  -3.286,
  2.892,
  -2.793,
  2.718,
  -1.975,
  2.498,
  -1.749,
  2.196,
  -2.355,
  1.569,
  -3.218,
  0.963,
  -3.593,
  0.846,
  -3.981,
  0.194,
  -5.547,
  0.819,
  -6.67,
  1.221,
  -6.923,
  1.557,
  -6.743,
  1.863,
  -6.498,
  1.314,
  -6.182,
  1.677,
  -6.259,
  1.582,
  -5.518,
  1.102,
  -4.774,
  0.484,
  -3.94,
  0.613,
  -2.886,
  -0.442,
  -1.36,
  -2.415,
  -0.879,
  0.646,
  -0.137,
  0.656,
  0.871,
  2.031,
  1.035,
  2.634,
  -0.184,
  0,
  1.03,
  0,
  1.03,
  -1.758,
  -4.83,
  -1.758,
  -4.83,
  -0.358,
  2.029,
  -2.531,
  -0.446,
  0.374,
  -1.224,
  0,
  1.54,
  0,
  1.54,
  2.314,
  2.758,
  3.6,
  0,
  0,
  0.51,
  0,
  0.51,
  0,
  5.14,
  0,
  5.14,
  0,
  2.24,
  0,
  2.24,
  6.504,
  7.223,
  7.961,
  5.784,
  3.698,
  -2.494,
  2.728,
  -2.544,
  2.28,
  -2.202,
  3.044,
  -1.687,
  2.686,
  -1.812,
  1.907,
  -2.355,
  1.285,
  -2.318,
  0.658,
  -2.639,
  0.135,
  -2.566,
  0.091,
  -2.598,
  0.298,
  -3.407,
  0.674,
  -3.465,
  0.906,
  -5.719,
  0.68,
  -5.538,
  0.215,
  -6.166,
  0.204,
  -5.836,
  0.097,
  -5.579,
  0.356,
  -5.098,
  0.584,
  -4.754,
  0.952,
  -4.48,
  0.25,
  -3.581,
  0.356,
  -2.019,
  -2.415,
  -0.879,
  -2.415,
  -0.879,
  -2.415,
  -0.879,
  1.33,
  0,
  1.622,
  0.826,
  2.58,
  0.045,
  2.857,
  -1.097,
  -0.617,
  -2.153,
  -0.617,
  -2.153,
  -1.758,
  -4.83,
  -0.358,
  2.029,
  -0.99,
  -1.18,
  -0.99,
  -1.18,
  0,
  1.54,
  0,
  1.54,
  2.314,
  2.758,
  2.314,
  2.758,
  -0.495,
  0.373,
  0,
  5.14,
  0,
  5.14,
  0,
  5.14,
  3.131,
  1.736,
  1.776,
  -0.828,
  1.193,
  3.109,
  5.922,
  4.969,
  3.115,
  -1.259,
  2.651,
  -0.563,
  1.9,
  -0.846,
  1.385,
  -1.538,
  1.365,
  -1.57,
  0.975,
  -1.56,
  0.123,
  -1.766,
  0.114,
  -2.167,
  -0.655,
  -2.444,
  -0.989,
  -2.121,
  -0.883,
  -1.894,
  -0.72,
  -2.216,
  -0.359,
  -5.137,
  -0.216,
  -6.196,
  0,
  -6.41,
  -0.4,
  -5.716,
  -0.257,
  -4.913,
  -0.748,
  -4.245,
  -0.255,
  -3.641,
  -0.519,
  -2.945,
  -0.653,
  -1.227,
  0.607,
  0.233,
  3.023,
  0.211,
  -2.415,
  -0.879,
  -1.343,
  -0.906,
  0.589,
  0.397,
  1.487,
  0.262,
  0,
  0.51,
  0,
  0.51,
  -2.367,
  -1.986,
  -2.367,
  -1.986,
  -1.334,
  0.77,
  0,
  1.03,
  -0.99,
  -1.18,
  -0.99,
  -1.18,
  0.846,
  1.9,
  -0.682,
  -0.731,
  2.314,
  2.758,
  2.314,
  2.758,
  -1.932,
  -1.74,
  -0.829,
  1.699,
  2.236,
  3.579,
  4.14,
  2.39,
  5.515,
  1.478,
  5.63,
  0.892,
  3.153,
  2.048,
  1.833,
  3.306,
  2.936,
  -0.154,
  2.201,
  0.631,
  2.007,
  -0.105,
  0.731,
  -0.209,
  0.418,
  -0.044,
  0.051,
  -0.048,
  -0.694,
  0.226,
  -1.268,
  0.066,
  -1.298,
  -1.051,
  -2.058,
  -1.004,
  -1.771,
  -0.715,
  -2.045,
  -0.251,
  -2.775,
  0.44,
  -2.262,
  -0.914,
  -1.464,
  -1.064,
  -2.148,
  -2.304,
  -2.141,
  -2.296,
  -1.782,
  -2.966,
  -1.124,
  -2.782,
  -1.192,
  -2.243,
  -0.638,
  -1.662,
  0.388,
  -0.534,
  1.682,
  -0.358,
  2.737,
  -2.737,
  -1.115,
  -3.063,
  -1.372,
  -0.527,
  0.42,
  -0.233,
  0,
  0.51,
  0,
  0.51,
  -2.367,
  -1.986,
  -2.367,
  -1.986,
  0,
  1.03,
  0,
  1.03,
  2.367,
  1.986,
  0.624,
  1.921,
  -0.591,
  3.733,
  0.021,
  0.239,
  2.649,
  0.81,
  2.029,
  -0.213,
  2.236,
  -0.394,
  -2.531,
  -0.446,
  -0.286,
  1.472,
  1.921,
  2.459,
  3.212,
  2.334,
  4.455,
  2.27,
  5.053,
  2.042,
  5.544,
  1.28,
  3.352,
  0.898,
  3.533,
  0.434,
  2.904,
  0.46,
  0.959,
  -0.427,
  0,
  2,
  0,
  2,
  -1.367,
  0.192,
  -1.532,
  -1.286,
  -1.532,
  -1.286,
  -2.285,
  -0.403,
  -2.09,
  -0.036,
  -2.509,
  -0.397,
  -2.425,
  -1.4,
  -2.278,
  -1.315,
  -2.423,
  -2.888,
  -2.39,
  -4.14,
  -3.546,
  -3.939,
  -3.192,
  -3.423,
  -2.118,
  -2.811,
  -2.114,
  -1.971,
  -1.711,
  -1.711,
  -0.221,
  -1.139,
  1.151,
  -0.512,
  1.553,
  -2.485,
  -0.726,
  -3.414,
  -1.575,
  -2.168,
  -1.207,
  -0.669,
  0.441,
  -0.345,
  -0.298,
  -0.201,
  0.859,
  -0.045,
  -1.298,
  0.068,
  0,
  1.54,
  0,
  1.54,
  2.367,
  1.986,
  2.367,
  1.986,
  -1.149,
  2.073,
  0.537,
  1.56,
  1.607,
  0.522,
  1.783,
  -0.314,
  2.04,
  0,
  1.659,
  0.414,
  -0.763,
  0.477,
  0.459,
  1.988,
  1.967,
  2.344,
  2.728,
  2.209,
  3.435,
  2.146,
  4.67,
  1.7,
  1.149,
  1.525,
  1.174,
  0.624,
  0.859,
  0.922,
  1.402,
  0.684,
  0,
  2,
  0,
  2,
  -0.815,
  0.614,
  -1.532,
  -1.286,
  -1.532,
  -1.286,
  -1.173,
  -2.902,
  0,
  1.34,
  0,
  1.34,
  -3.464,
  -2,
  -2.68,
  0,
  -3.759,
  -1.368,
  -3.374,
  -3.258,
  -4.147,
  -3.867,
  -3.182,
  -3.295,
  -2.751,
  -2.751,
  -2.378,
  -2.141,
  -2.732,
  -1.216,
  -0.845,
  -0.735,
  0.649,
  -0.962,
  1.049,
  -1.086,
  1.43,
  -2.477,
  -0.881,
  -1.729,
  -1.065,
  -0.746,
  -0.569,
  -0.219,
  -0.594,
  -0.264,
  0.546,
  0.315,
  -2.416,
  0.34,
  0,
  1.54,
  0,
  1.54,
  2.367,
  1.986,
  2.367,
  1.986,
  -2.326,
  1.629,
  -1.695,
  1.755,
  -0.336,
  1.1,
  0.953,
  0.465,
  0.859,
  0.671,
  1.24,
  1.645,
  1.496,
  1.721,
  -1.328,
  1.828,
  -0.131,
  2.507,
  -0.307,
  2.924,
  0.507,
  2.876,
  1.993,
  3.07,
  1.97,
  0.836,
  1.436,
  -0.61,
  1.982,
  -0.883,
  0.491,
  -0.527,
  -0.262,
  -0.562,
  0.727,
  -0.309,
  1.167,
  0.082,
  1.242,
  0.579,
  -0.17,
  -0.123,
  -1.173,
  -2.902,
  -1.173,
  -2.902,
  -1.826,
  -3.435,
  -3.464,
  -2,
  -3.464,
  -2,
  -3.759,
  -1.368,
  -3.759,
  -1.368,
  -4.826,
  -2.9,
  -4.59,
  -2.65,
  -4.02,
  -1.79,
  -3.631,
  -1.771,
  -2.485,
  -1.004,
  -1.697,
  -0.208,
  -0.399,
  0.161,
  1.249,
  0.044,
  1.34,
  -0.023,
  -0.169,
  -1.067,
  -1.021,
  -0.986,
  -1.131,
  -0.457,
  -1.079,
  -0.152,
  -0.033,
  0.379,
  -0.172,
  1.086,
  4.451,
  2.57,
  4.451,
  2.57,
  4.451,
  2.57,
  2.082,
  -0.799,
  1.528,
  -0.438,
  0.783,
  -1.303,
  1.07,
  -1.108,
  -0.171,
  0.47,
  -0.11,
  1.044,
  0.414,
  2.13,
  0.697,
  2.432,
  1.814,
  1.945,
  3.061,
  1.697,
  1.323,
  2.837,
  -0.797,
  2.778,
  0.406,
  3.305
]