
[
  8.451,
  -2.107,
  9.434,
  -3.065,
  9.843,
  -3.389,
  9.186,
  -2.461,
  9.758,
  -3.36,
  10.163,
  -1.792,
  8.175,
  1.887,
  5.983,
  2.54,
  3.461,
  1.469,
  -0.056,
  -0.457,
  0.995,
  -0.928,
  1.708,
  -0.656,
  2.168,
  -0.228,
  2.586,
  -0.993,
  2.283,
  -2.626,
  1.548,
  -4.033,
  0.597,
  -4.863,
  -0.082,
  -4.709,
  0.077,
  -4.429,
  0.608,
  -3.447,
  3.83,
  -3.214,
  3.83,
  -3.214,
  3.83,
  -3.214,
  3.83,
  -3.214,
  2.912,
  -1.614,
  0.548,
  -1.428,
  3.18,
  0.618,
  2.622,
  -1.394,
  4.557,
  -1.569,
  5.28,
  -0.648,
  5.458,
  1.061,
  5.95,
  1.594,
  5.929,
  3.851,
  5.19,
  3.501,
  2,
  3.464,
  6.925,
  3.083,
  5.48,
  1.675,
  5.267,
  2.569,
  5.904,
  3.834,
  6.873,
  4.636,
  6.198,
  4.025,
  6.317,
  4.261,
  12.551,
  6.957,
  8.6,
  4.965,
  12.123,
  6.446,
  11.984,
  6.106,
  11.255,
  5.011,
  7.201,
  -2.202,
  7.808,
  -2.537,
  10.873,
  -3.744,
  11.033,
  -2.145,
  7.151,
  -1.133,
  11.971,
  0.837,
  8.073,
  -2.013,
  3.693,
  0.853,
  3.328,
  1.017,
  1.148,
  -1.321,
  0.916,
  0.211,
  1.832,
  0.423,
  2.864,
  0.301,
  3.475,
  -0.675,
  3.219,
  -2.425,
  2.603,
  -4.697,
  1.875,
  -5.446,
  1.338,
  -5.366,
  1.152,
  -4.989,
  1.958,
  -3.682,
  1.689,
  -2.812,
  3.83,
  -3.214,
  3.83,
  -3.214,
  2.972,
  -2.494,
  0.945,
  -1.706,
  3.56,
  -2.586,
  5.201,
  0.639,
  5.512,
  1.898,
  7.843,
  1.525,
  5.107,
  1.96,
  6.162,
  2.365,
  6.268,
  2.281,
  6.227,
  3.595,
  2,
  3.464,
  2,
  3.464,
  2,
  3.464,
  2,
  3.464,
  5.324,
  3.728,
  4.92,
  4.43,
  4.081,
  3.075,
  3.924,
  2.747,
  9.685,
  7.566,
  10.277,
  6.175,
  11.767,
  7.641,
  12.927,
  7.165,
  11.929,
  6.343,
  11.628,
  6.183,
  8.469,
  -2.428,
  9.351,
  -1.988,
  9.546,
  -1.342,
  10.776,
  -1.707,
  11.131,
  -1.763,
  11.089,
  -1.955,
  12.59,
  0,
  14.283,
  1.754,
  5.725,
  1.86,
  6.804,
  -0.595,
  4.966,
  -4.021,
  5.764,
  -2.688,
  5.941,
  -1.703,
  5.495,
  -1.269,
  3.998,
  -3.6,
  2.688,
  -5.275,
  2.281,
  -5.647,
  1.897,
  -5.839,
  2.371,
  -5.869,
  2.765,
  -5.201,
  2.545,
  -3.503,
  2.612,
  -2.705,
  1.473,
  -2.358,
  3.634,
  -0.839,
  4.149,
  -0.509,
  5.357,
  -0.375,
  6.773,
  -0.474,
  7.306,
  -0.255,
  7.95,
  2.13,
  6.618,
  2.023,
  6.84,
  3.336,
  6.6,
  2.802,
  5.183,
  1.684,
  2,
  3.464,
  2,
  3.464,
  2,
  3.464,
  4.474,
  3.25,
  6.469,
  3.735,
  5.928,
  2.276,
  8.481,
  5.721,
  8.932,
  5.367,
  9.892,
  5.483,
  8.98,
  4.775,
  11.149,
  7.806,
  11.717,
  6.765,
  11.974,
  7.482,
  12.794,
  6.803,
  8.583,
  -1.359,
  7.762,
  -0.953,
  9.837,
  -0.516,
  8.665,
  -0.303,
  9.604,
  -0.335,
  9.992,
  0.874,
  6.484,
  -0.682,
  5.023,
  -1.928,
  3.21,
  -2.693,
  4.484,
  -3.503,
  7.514,
  -3.995,
  6.647,
  -2.289,
  3.233,
  -2.618,
  4.642,
  -3.895,
  3.864,
  -3.479,
  2.582,
  -4.856,
  2.784,
  -5.707,
  2.898,
  -5.941,
  3.131,
  -5.889,
  3.679,
  -5.455,
  3.31,
  -4.392,
  3.533,
  -3.788,
  1.798,
  -3.528,
  3.681,
  -2.125,
  3.941,
  -0.554,
  5.163,
  -1.982,
  6.862,
  -1.334,
  7.901,
  0.552,
  6.526,
  0.917,
  7.297,
  2.231,
  7.287,
  3.398,
  6.772,
  5.103,
  10.974,
  6.857,
  12.202,
  6.488,
  10.462,
  6.04,
  9.943,
  5.974,
  10.912,
  6.556,
  11.882,
  5.795,
  11.335,
  6.283,
  10.843,
  6.26,
  10.39,
  5.76,
  10.777,
  6.999,
  10.974,
  6.857,
  12.117,
  5.65,
  10.172,
  5.408,
  9.386,
  8.451,
  9.863,
  6.906,
  7.618,
  -2.924,
  9.993,
  -3.055,
  8.478,
  -2.431,
  10.098,
  -0.176,
  8.848,
  0.464,
  5.589,
  -1.393,
  4.142,
  -3.354,
  9.98,
  -3.632,
  6.583,
  -2.66,
  2.991,
  -3.969,
  6.509,
  -2.63,
  2.958,
  -1.195,
  4.264,
  -3.976,
  4.241,
  -3.687,
  3.74,
  -2.429,
  3.862,
  -5.315,
  7.66,
  -6.428,
  7.66,
  -6.428,
  7.66,
  -6.428,
  4.221,
  -3.542,
  1.648,
  -3.535,
  0.519,
  -3.694,
  0.563,
  -3.191,
  2.293,
  -1.792,
  2.953,
  -3.167,
  3.28,
  -2.656,
  6.911,
  -1.343,
  7.132,
  1.778,
  5.525,
  2.011,
  7.186,
  2.474,
  3.098,
  -0.947,
  11.262,
  5.738,
  8.892,
  9.208,
  10.7,
  9.978,
  13.657,
  10.291,
  13.246,
  9.275,
  11.029,
  7.162,
  10.686,
  7.208,
  12.027,
  7.81,
  11.305,
  7.342,
  12.079,
  8.147,
  13.244,
  7.042,
  12.068,
  5.373,
  11.213,
  8.449,
  13.2,
  7.019,
  11.657,
  6.73,
  11.031,
  5.62,
  7.413,
  -4.28,
  10.642,
  -2.262,
  9.699,
  -0.169,
  3.284,
  -0.758,
  3.555,
  -2.489,
  1.547,
  -2.052,
  1.135,
  -1.683,
  6.126,
  -0.644,
  5.64,
  -5.079,
  6.483,
  -4.373,
  8.15,
  -3.129,
  8.296,
  -2.379,
  6.772,
  -2.2,
  3.161,
  -3.273,
  4.622,
  -4.162,
  5.104,
  -6.303,
  7.66,
  -6.428,
  7.66,
  -6.428,
  7.66,
  -6.428,
  1.308,
  -3.408,
  1.595,
  -2.553,
  0.256,
  -2.929,
  0.964,
  -2.65,
  0.146,
  -2.786,
  2.413,
  -2.251,
  3.348,
  0.59,
  6.677,
  1.057,
  7.603,
  -0.934,
  7.997,
  1.41,
  0.461,
  1.14,
  -2.174,
  0.267,
  -0.176,
  1.671,
  2.709,
  2.355,
  10.166,
  7.118,
  9.399,
  9.733,
  11.434,
  9.939,
  13.243,
  10.724,
  12.944,
  9.405,
  10.481,
  8.188,
  11.658,
  8.47,
  12.421,
  8.066,
  12.653,
  7.906,
  13.53,
  7.5,
  13.85,
  6.755,
  14.251,
  5.758,
  14.351,
  4.663,
  12.207,
  4.203,
  1.875,
  -2.581,
  6.166,
  -0.539,
  2.435,
  -1.902,
  1.62,
  -1.864,
  1.202,
  -2.976,
  3.176,
  -1.348,
  0.694,
  -0.604,
  3.619,
  -0.902,
  6.965,
  -2.673,
  9.425,
  -3.43,
  9.07,
  -2.43,
  8.915,
  -2.389,
  6.022,
  -2.937,
  3.846,
  -5.103,
  5.69,
  -5.495,
  6.419,
  -6.647,
  5.657,
  -7.507,
  1.727,
  -4.5,
  -0.859,
  -3.207,
  0.576,
  -2.965,
  0.657,
  -2.453,
  0.977,
  -1.837,
  0.902,
  -0.68,
  0.332,
  -0.964,
  2.696,
  -0.141,
  2.763,
  0.193,
  4.869,
  2.168,
  3.233,
  3.853,
  3.482,
  2.819,
  0.889,
  -1.27,
  3.002,
  -1.95,
  5.447,
  -1.257,
  6.399,
  -0.112,
  3.12,
  1.074,
  7.326,
  7.326,
  9.455,
  10.501,
  10.497,
  12.075,
  11.792,
  12.645,
  12.06,
  11.246,
  10.832,
  9.089,
  11.039,
  9.263,
  11.804,
  8.576,
  12.644,
  7.901,
  12.852,
  7.42,
  13.597,
  7.23,
  14.12,
  6.584,
  14.825,
  5.691,
  3.435,
  0.18,
  0,
  -5.36,
  0,
  -5.36,
  1.5,
  -2.598,
  1.5,
  -2.598,
  4.792,
  -1.744,
  1.731,
  -2.88,
  3.915,
  -4.198,
  5.614,
  -4.231,
  11.018,
  -4.677,
  8.911,
  -2.895,
  8.846,
  -3.755,
  6.805,
  -7.558,
  7.562,
  -7.052,
  6.598,
  -7.327,
  6.721,
  -6.268,
  2.955,
  -3.782,
  0.355,
  -4.055,
  1.476,
  -3.653,
  1.253,
  -3.64,
  2.153,
  -0.341,
  1.82,
  -0.191,
  1.793,
  0.157,
  -0.519,
  -0.484,
  3.654,
  0.579,
  6.419,
  5.198,
  2.624,
  0.752,
  1.645,
  0.29,
  2.598,
  -3.711,
  4.342,
  -3.04,
  7.245,
  -2.637,
  7.163,
  0.501,
  6.159,
  0.866,
  4.984,
  1.619,
  4.519,
  5.58,
  6.196,
  9.186,
  7.788,
  9.968,
  8.973,
  10.694,
  10.373,
  11.124,
  11.243,
  10.858,
  11.276,
  9.462,
  10.724,
  9.323,
  12.713,
  8.902,
  13.38,
  8.04,
  14.639,
  7.784,
  16.115,
  7.175,
  15.647,
  6.006,
  5.613,
  -0.99,
  0,
  -5.36,
  1.5,
  -2.598,
  1.5,
  -2.598,
  1.5,
  -2.598,
  10.28,
  0,
  10.28,
  0,
  6.066,
  -2.575,
  5.555,
  -2.132,
  8.51,
  -1.809,
  10.089,
  -4.282,
  9.21,
  -5.105,
  11.293,
  -6.005,
  7.741,
  -5.42,
  7.138,
  -4.815,
  6.525,
  -3.617,
  3.509,
  -3.051,
  1.485,
  -3.334,
  0.698,
  -3.959,
  1.672,
  -3.755,
  2.909,
  -1.818,
  1.159,
  -2.604,
  0.582,
  1.05,
  2.282,
  2.128,
  4.926,
  1.601,
  0.899,
  -1.15,
  7.312,
  -4.393,
  9.247,
  -2.135,
  9.116,
  -1.938,
  8.637,
  -1.523,
  8.877,
  -2.049,
  9.127,
  -0.478,
  8.37,
  -1.932,
  -2.486,
  -1.494,
  -1.185,
  4.424,
  3.217,
  7.226,
  5.959,
  8.511,
  7.348,
  9.751,
  8.948,
  10.663,
  10.546,
  10.184,
  11.82,
  9.572,
  12.091,
  9.111,
  13.455,
  9.076,
  13.335,
  8.66,
  13.62,
  8.184,
  14.852,
  8.575,
  14.913,
  7.929,
  4.207,
  -0.147,
  -0.037,
  -2.11,
  2.468,
  -1.793,
  1.5,
  -2.598,
  4.698,
  -1.71,
  4.698,
  -1.71,
  10.28,
  0,
  5.882,
  -4.118,
  6.617,
  -3.976,
  7.154,
  -7.672,
  11.735,
  -5.979,
  9.961,
  -5.076,
  9.492,
  -5.48,
  4.596,
  -3.857,
  7.909,
  -3.858,
  6.049,
  -2.95,
  5.924,
  -3.42,
  6.953,
  -4.515,
  3.536,
  -3.661,
  -0.255,
  -3.641,
  0.892,
  -1.026,
  2.511,
  0.308,
  3.206,
  0.74,
  4.23,
  -0.296,
  5.595,
  0.786,
  8.697,
  -0.761,
  12.084,
  -2.131,
  14.144,
  -2.24,
  12.318,
  0.215,
  9.942,
  1.397,
  10.235,
  0.716,
  9.627,
  1.012,
  9.34,
  1.147,
  2.945,
  2.385,
  4.697,
  4.229,
  3.451,
  5.743,
  5.047,
  7.209,
  6.537,
  7.791,
  6.837,
  9.072,
  8.049,
  9.94,
  9.73,
  9.73,
  11.147,
  9.69,
  12.218,
  10.252,
  13.193,
  9.942,
  13.771,
  8.943,
  13.998,
  8.411,
  14.081,
  7.805,
  2.405,
  -2.018,
  3.497,
  -4.167,
  4.791,
  -3.743,
  5.429,
  -3.944,
  4.698,
  -1.71,
  4.698,
  -1.71,
  4.698,
  -1.71,
  4.696,
  -3.94,
  5.34,
  -3.879,
  6.856,
  -4.625,
  8.972,
  -5.607,
  9.668,
  -6.041,
  4.596,
  -3.857,
  4.596,
  -3.857,
  4.596,
  -3.857,
  9.059,
  -5.23,
  8.282,
  -5.586,
  7.487,
  -4.15,
  6.087,
  -3.374,
  2.623,
  -3.888,
  0.99,
  -1.715,
  3.088,
  0.27,
  3.759,
  0.395,
  3.387,
  0.658,
  3.94,
  -1.205,
  3.333,
  -2.604,
  9.285,
  -6.263,
  12.842,
  -0.448,
  12.412,
  1.305,
  11.247,
  1.983,
  9.89,
  3.405,
  9.946,
  3.041,
  9.392,
  2.693,
  9.085,
  2.778,
  5.564,
  1.808,
  5.677,
  3.975,
  6.816,
  6.356,
  5.714,
  6.81,
  5.325,
  9.223,
  6.82,
  9.74,
  8.784,
  9.42,
  10.4,
  9.698,
  10.863,
  9.115,
  12.079,
  8.776,
  12.726,
  8.584,
  13.217,
  8.584,
  13.123,
  9.189,
  0,
  1,
  3.921,
  -2.955,
  5.125,
  -4.3,
  6.213,
  -4.682,
  6.782,
  -4.574,
  6.375,
  -4.3,
  4.759,
  -4.759,
  5.559,
  -5.005,
  4.432,
  -4.133,
  4.113,
  -7.735,
  7.634,
  -7.906,
  9.283,
  -7.252,
  4.596,
  -3.857,
  4.596,
  -3.857,
  4.596,
  -3.857,
  7.767,
  -5.643,
  7.423,
  -5.8,
  6.848,
  -4.795,
  6.227,
  -3.452,
  4.294,
  -2.789,
  3.143,
  -1.399,
  2.436,
  0.342,
  3.681,
  1.487,
  5.191,
  1.488,
  1.334,
  0.77,
  1.334,
  0.77,
  4.112,
  -1.257,
  7.603,
  1.341,
  7.603,
  1.341,
  7.872,
  1.247,
  9.07,
  2.43,
  8.945,
  4.171,
  9.276,
  4.524,
  9.012,
  3.28,
  4.973,
  3.23,
  4.205,
  4.838,
  3.92,
  5.812,
  5.014,
  6.901,
  6.218,
  7.678,
  7.407,
  7.943,
  5.967,
  8.846,
  6.318,
  9.729,
  7.741,
  9.559,
  9.364,
  9.697,
  9.054,
  10.415,
  9.036,
  9.69,
  11.021,
  8.305,
  0,
  1,
  4.031,
  -4.031,
  4.814,
  -4.985,
  5.463,
  -5.095,
  6.159,
  -5.168,
  6.553,
  -4.761,
  6.699,
  -4.518,
  6.118,
  -4.61,
  4.543,
  -5.046,
  3.8,
  -7.458,
  5.979,
  -7.383,
  8.273,
  -6.942,
  7.3,
  -3.098,
  5.455,
  -4.11,
  6.599,
  -4.451,
  6.414,
  -5.011,
  5.931,
  -5.531,
  5.998,
  -4.52,
  5.555,
  -3.471,
  4.427,
  -2.766,
  4.463,
  -1.537,
  4.409,
  0.308,
  3.077,
  -0.378,
  0.705,
  1.936,
  1.334,
  0.77,
  1.334,
  0.77,
  7.603,
  1.341,
  7.603,
  1.341,
  7.603,
  1.341,
  7.722,
  3.601,
  7.196,
  1.928,
  8.377,
  3.556,
  8.012,
  4.441,
  8.911,
  5.145,
  7.849,
  3.66,
  7.64,
  3.726,
  4.743,
  5.457,
  4.675,
  8.097,
  2.646,
  9.228,
  3.386,
  8.382,
  4.032,
  9.5,
  3.532,
  10.259,
  5.305,
  9.977,
  6.165,
  10.678,
  5.746,
  8.848,
  6.595,
  8.144,
  6.094,
  9.753,
  2.938,
  -5.3,
  4.158,
  -5.939,
  4.471,
  -5.934,
  4.642,
  -5.942,
  5.411,
  -5.604,
  5.906,
  -4.783,
  4.996,
  -3.903,
  3.738,
  -2.816,
  3.619,
  -4.313,
  2.198,
  -6.382,
  4.821,
  -5.745,
  4.106,
  -4.403,
  5.091,
  -4.584,
  4.788,
  -4.017,
  4.523,
  -3.534,
  4.907,
  -4.576,
  4.574,
  -6.07,
  4.702,
  -4.087,
  3.781,
  -3.287,
  3.277,
  -2.294,
  2.768,
  -1.232,
  3.09,
  0,
  1.285,
  2.226,
  1.285,
  2.226,
  3.156,
  2.648,
  3.872,
  -1.409,
  3.937,
  -3.304,
  3.937,
  -3.304,
  3.937,
  -3.304,
  6.258,
  2.033,
  6.45,
  1.85,
  7.343,
  3.581,
  8.008,
  4.258,
  6.958,
  5.436,
  7.95,
  5.363,
  7.208,
  6.049,
  7.103,
  5.161,
  2.778,
  5.453,
  -0.113,
  6.459,
  1.462,
  7.519,
  2.883,
  8.873,
  1.161,
  7.329,
  4.257,
  7.679,
  4.351,
  1.584,
  4.351,
  1.584,
  4.351,
  1.584,
  4.459,
  9.562,
  3.183,
  -6.525,
  3.955,
  -6.85,
  3.91,
  -6.772,
  0,
  2.24,
  0,
  2.24,
  0.948,
  -0.948,
  0.948,
  -0.948,
  0.948,
  -0.948,
  2.667,
  -3.809,
  2.038,
  -5.601,
  2.568,
  -4.83,
  3.845,
  -4.748,
  3.917,
  -4.506,
  3.327,
  -4.933,
  4.097,
  -5.059,
  4.632,
  -5.328,
  4.578,
  -4.74,
  3.352,
  -3.723,
  2.124,
  -2.719,
  1.185,
  -1.971,
  1.39,
  -0.479,
  0.68,
  1.131,
  1.285,
  2.226,
  3.304,
  3.937,
  3.304,
  3.937,
  3.568,
  2.06,
  3.568,
  2.06,
  3.937,
  -3.304,
  3.937,
  -3.304,
  -1.616,
  0.859,
  3.391,
  0.783,
  5.946,
  2.524,
  7.032,
  3.898,
  7.863,
  4.358,
  7.437,
  6.023,
  9.3,
  5.588,
  9.462,
  4.821,
  9.829,
  5.675,
  11.478,
  5.598,
  12.415,
  4.275,
  12.226,
  4.21,
  13.675,
  4.181,
  8.863,
  6.206,
  4.351,
  1.584,
  4.351,
  1.584,
  2.315,
  -4.01,
  8.999,
  1.913,
  3.083,
  -7.263,
  3.156,
  -7.089,
  2.521,
  -6.926,
  0,
  2.24,
  0,
  2.24,
  0,
  2.24,
  0.948,
  -0.948,
  0.948,
  -0.948,
  2.701,
  -4.16,
  2.574,
  -4.644,
  1.71,
  -4.698,
  1.71,
  -4.698,
  1.71,
  -4.698,
  4.005,
  -4.772,
  3.569,
  -4.736,
  3.355,
  -3.999,
  2.946,
  -3.389,
  1.917,
  -2.952,
  0.83,
  -1.864,
  -0.237,
  -0.951,
  0.152,
  1.241,
  -0.141,
  2.686,
  1.026,
  4.443,
  1.936,
  5.319,
  3.568,
  2.06,
  3.568,
  2.06,
  1.578,
  -1.324,
  1.578,
  -1.324,
  6.874,
  1.089,
  7.763,
  1.23,
  11.258,
  1.183,
  7.857,
  0.826,
  6.861,
  2.772,
  8.215,
  4.007,
  7.92,
  4.211,
  8.036,
  5.627,
  9.761,
  5.41,
  11.501,
  5.363,
  12.479,
  5.556,
  13.705,
  5.261,
  14.305,
  6.072,
  12.991,
  4.221,
  10.134,
  1.787,
  10.134,
  1.787,
  2.315,
  -4.01,
  2.315,
  -4.01,
  3.42,
  1.245,
  2.762,
  -6.508,
  2.329,
  -6.399,
  1.302,
  -6.123,
  0.662,
  -5.39,
  1.045,
  -4.192,
  1.096,
  -3.586,
  2.189,
  -3.371,
  2.03,
  -3.516,
  2.992,
  -3.83,
  1.573,
  -3.894,
  1.71,
  -4.698,
  1.71,
  -4.698,
  1.71,
  -4.698,
  2.908,
  -4.153,
  2.047,
  -4.018,
  1.644,
  -3.37,
  1.11,
  -2.614,
  0.33,
  -1.698,
  -0.053,
  -0.608,
  -0.349,
  0.537,
  -0.141,
  2.686,
  -0.377,
  4.304,
  1.936,
  5.319,
  1.936,
  5.319,
  1.936,
  5.319,
  1.578,
  -1.324,
  1.578,
  -1.324,
  5.914,
  4.962,
  5.914,
  4.962,
  6.104,
  1.297,
  10.452,
  3.396,
  8.809,
  3.739,
  8.599,
  1.671,
  8.09,
  4.122,
  7.443,
  3.958,
  8.523,
  3.795,
  10.29,
  0,
  10.29,
  0,
  11.137,
  6.43,
  3.304,
  3.937,
  3.304,
  3.937,
  14.495,
  4.991,
  10.134,
  1.787,
  10.134,
  1.787,
  -3.6,
  0,
  3.345,
  -5.794,
  3.345,
  -5.794,
  2.229,
  -5.807,
  1.418,
  -5.686,
  0.809,
  -5.106,
  0.243,
  -4.644,
  0,
  -4.67,
  -0.181,
  -3.455,
  0.707,
  -2.637,
  1.183,
  -3.251,
  0.742,
  -3.492,
  0.144,
  -4.127,
  1.952,
  -4.385,
  1.645,
  -4.52,
  1.733,
  -3.892,
  1.45,
  -3.415,
  1.05,
  -3.433,
  0.047,
  -2.7,
  -0.606,
  -1.864,
  -0.654,
  -0.808,
  -0.15,
  0.56,
  -0.148,
  2.115,
  -0.254,
  3.631,
  -0.089,
  5.099,
  1.162,
  6.588,
  1.936,
  5.319,
  1.936,
  5.319,
  2.208,
  1.275,
  1.986,
  2.367,
  1.986,
  2.367,
  4.01,
  2.315,
  4.01,
  2.315,
  8.382,
  3.386,
  8.589,
  3.297,
  8.661,
  4.413,
  8.027,
  2.764,
  8.678,
  1.687,
  8.617,
  -1.519,
  8.617,
  -1.519,
  10.29,
  0,
  11.137,
  6.43,
  3.304,
  3.937,
  3.304,
  3.937,
  3.304,
  3.937,
  1.65,
  -2.112,
  -3.6,
  0,
  -3.6,
  0,
  2.091,
  0.803,
  2.091,
  0.803,
  0.773,
  -4.879,
  0.178,
  -5.087,
  -0.629,
  -0.629,
  -0.629,
  -0.629,
  -1.074,
  -4.308,
  -1.266,
  -3.678,
  -0.163,
  -3.116,
  -0.351,
  -2.859,
  -1.457,
  -2.081,
  -1.627,
  -3.489,
  -0.509,
  -4.149,
  -0.42,
  -3.998,
  -0.374,
  -3.047,
  -0.345,
  -2.809,
  -0.413,
  -2.607,
  -1.385,
  -2.306,
  -1.355,
  -1.059,
  -1.057,
  0.74,
  -0.366,
  2.311,
  0.059,
  3.369,
  0.151,
  4.337,
  0.305,
  5.812,
  1.162,
  6.588,
  1.162,
  6.588,
  1.162,
  6.588,
  2.959,
  3.404,
  1.986,
  2.367,
  1.986,
  2.367,
  4.01,
  2.315,
  4.01,
  2.315,
  4.504,
  0.713,
  6.054,
  4.562,
  8.238,
  3.842,
  5.319,
  1.936,
  5.319,
  1.936,
  8.617,
  -1.519,
  8.617,
  -1.519,
  5.574,
  -0.983,
  5.574,
  -0.983,
  3.304,
  3.937,
  9.622,
  -1.697,
  3.6,
  0,
  1.65,
  -2.112,
  8.019,
  4.63,
  8.019,
  4.63,
  1.665,
  1.499,
  11.83,
  0,
  -0.164,
  -4.687,
  -0.653,
  -4.644,
  0,
  -0.89,
  0,
  -0.89,
  0,
  -0.89,
  -1.934,
  -3.49,
  -1.194,
  -3.28,
  -1.615,
  -2.797,
  -1.276,
  -2.737,
  -1.185,
  -2.326,
  -4.406,
  -1.517,
  -2.181,
  -3.233,
  -2.367,
  -1.986,
  -2.087,
  -1.205,
  -2.241,
  -0.772,
  -2.085,
  -0.146,
  -1.828,
  1.013,
  -1.324,
  2.49,
  -0.943,
  3.784,
  -0.461,
  4.386,
  0.098,
  5.599,
  0.237,
  6.776,
  1.162,
  6.588,
  1.162,
  6.588,
  3.566,
  5.707,
  3.74,
  4.302,
  7.209,
  5.047,
  3.493,
  0.871,
  2.315,
  4.01,
  2.315,
  4.01,
  2.315,
  4.01,
  5.074,
  3.049,
  6.588,
  1.162,
  5.319,
  1.936,
  5.319,
  1.936,
  5.66,
  0,
  5.66,
  0,
  5.574,
  -0.983,
  5.574,
  -0.983,
  4.115,
  7.127,
  6.17,
  0,
  6.588,
  -1.162,
  6.588,
  -1.162,
  8.019,
  4.63,
  3.295,
  1.399,
  1.665,
  1.499,
  11.83,
  0,
  -1.536,
  -3.801,
  -1.592,
  -3.941,
  0,
  -0.89,
  0,
  -0.89,
  -2.61,
  -3.341,
  -2.73,
  -2.827,
  -2.623,
  -2.362,
  -2.362,
  -2.362,
  -2.094,
  -2.326,
  -2.127,
  -2.627,
  -2.792,
  -2.427,
  -2.574,
  -2.237,
  -3.015,
  -0.98,
  -2.874,
  0.455,
  -2.9,
  1.352,
  -2.876,
  2.247,
  -2.401,
  3.187,
  -1.775,
  3.484,
  -1.53,
  3.986,
  -1.258,
  5.046,
  -0.434,
  6.205,
  0.495,
  7.083,
  1.311,
  8.277,
  1.986,
  2.367,
  5.148,
  6.357,
  7.273,
  7.023,
  7.176,
  5.214,
  7.227,
  5.853,
  2.315,
  4.01,
  2.315,
  4.01,
  5.343,
  3.085,
  5.343,
  3.085,
  5.914,
  4.962,
  6.588,
  1.162,
  3.568,
  2.06,
  5.794,
  -3.345,
  5.794,
  -3.345,
  6.69,
  0,
  8.617,
  1.519,
  4.115,
  7.127,
  4.115,
  7.127,
  1.231,
  3.383,
  1.231,
  3.383,
  3.295,
  1.399,
  3.295,
  1.399,
  8.889,
  6.698,
  12.953,
  4.209,
  -2.648,
  -2.469,
  -2.964,
  -2.862,
  -2.851,
  -3.057,
  -2.92,
  -2.92,
  -3.371,
  -2.828,
  -3.53,
  -2.66,
  -3.598,
  -2.427,
  -3.195,
  -2.407,
  -3.315,
  -1.689,
  -2.451,
  -1.415,
  -3.047,
  -1.293,
  -3.799,
  -0.738,
  -2.812,
  0.395,
  -2.893,
  0.83,
  -3.324,
  1.842,
  -2.869,
  2.971,
  -2.97,
  3.668,
  -2.846,
  4.22,
  -2.442,
  4.794,
  -2.001,
  5.497,
  -1.054,
  6.657,
  -0.56,
  8.01,
  1.986,
  2.367,
  1.986,
  2.367,
  1.986,
  2.367,
  6.46,
  7.699,
  7.488,
  7.488,
  7.336,
  5.732,
  7.384,
  5.769,
  7.098,
  4.435,
  5.343,
  3.085,
  5.343,
  3.085,
  5.914,
  4.962,
  2.367,
  1.986,
  2.367,
  1.986,
  5.794,
  -3.345,
  5.794,
  -3.345,
  6.69,
  0,
  6.69,
  0,
  6.524,
  -0.686,
  1.231,
  3.383,
  1.231,
  3.383,
  1.231,
  3.383,
  12.626,
  1.774,
  13.122,
  0.688,
  13.971,
  0.732,
  14.79,
  0.775,
  -3.915,
  -1.826,
  -4.108,
  -2.093,
  -3.665,
  -2.38,
  -3.408,
  -2.386,
  -3.694,
  -2.22,
  -3.73,
  -1.819,
  -3.673,
  -1.559,
  -4.015,
  -1.872,
  -3.421,
  -1.975,
  -2.988,
  -1.088,
  -3.129,
  -1.017,
  -3.763,
  -0.596,
  -2.847,
  1.036,
  -3.594,
  1.38,
  -3.412,
  1.97,
  -3.285,
  2.958,
  -3.072,
  3.932,
  -3.269,
  4.669,
  -2.939,
  5.527,
  -2.532,
  6.268,
  -1.514,
  7.121,
  -0.696,
  7.96,
  0.677,
  9.676,
  1.986,
  2.367,
  1.049,
  9.985,
  4.311,
  9.684,
  5.374,
  7.967,
  1.936,
  5.319,
  1.936,
  5.319,
  3.638,
  4.336,
  3.638,
  4.336,
  -1.057,
  -2.904,
  0,
  1.03,
  3.502,
  -0.744,
  2.367,
  1.986,
  4.267,
  5.662,
  4.973,
  1.52,
  6.69,
  0,
  6.69,
  0,
  12.364,
  2.628,
  12.652,
  0.442,
  13.018,
  0.91,
  14.075,
  2.229,
  13.666,
  1.921,
  13.816,
  0.966,
  14.036,
  0.981,
  13.058,
  1.372,
  -4.898,
  -0.952,
  -5.181,
  -1.989,
  -4.842,
  -2.055,
  -4.018,
  -2.047,
  -3.968,
  -1.523,
  -4.365,
  -1.418,
  -4.359,
  -1.501,
  -4.104,
  -1.023,
  -0.629,
  0.629,
  -0.629,
  0.629,
  -0.629,
  0.629,
  -3.485,
  0.677,
  -3.462,
  1.542,
  -2.984,
  1.587,
  -3.67,
  2.57,
  -3.597,
  3.239,
  -3.472,
  3.472,
  -2.962,
  4.077,
  -2.98,
  5.162,
  -2.626,
  6.5,
  -1.593,
  7.493,
  -0.577,
  8.25,
  1.744,
  8.972,
  4.6,
  7.967,
  -0.346,
  4.948,
  2.481,
  7.637,
  4.203,
  7.583,
  1.936,
  5.319,
  1.936,
  5.319,
  3.638,
  4.336,
  3.638,
  4.336,
  0,
  1.03,
  0,
  1.03,
  10.637,
  3.872,
  0.078,
  -0.29,
  4.094,
  -0.358,
  9.113,
  2.613,
  10.055,
  2.883,
  11.22,
  2.181,
  12.595,
  1.547,
  12.217,
  2.597,
  12.614,
  3.145,
  13.077,
  2.071,
  13.953,
  1.961,
  13.983,
  1.47,
  14.389,
  2.022,
  14.033,
  1.475,
  -3.58,
  0.376,
  -6.244,
  -1.101,
  -4.842,
  -2.055,
  -4.311,
  -1.742,
  -2.819,
  -1.026,
  -2.819,
  -1.026,
  -5.001,
  -0.703,
  -4.33,
  -2.5,
  -4.33,
  -2.5,
  -0.629,
  0.629,
  -2.958,
  0.103,
  -3.103,
  0.326,
  -2.987,
  1.33,
  -3.232,
  1.942,
  -2.779,
  2.503,
  -3.539,
  3.418,
  -3.516,
  4.19,
  -3.255,
  4.825,
  -2.824,
  5.542,
  -2.544,
  5.992,
  -1.768,
  6.597,
  -0.761,
  7.24,
  0.935,
  7.613,
  2.497,
  7.685,
  2.457,
  6.082,
  1.747,
  6.52,
  2.829,
  7.771,
  2.663,
  7.734,
  2.574,
  7.922,
  3.36,
  8.317,
  3.197,
  8.328,
  5.125,
  4.3,
  5.125,
  4.3,
  10.637,
  3.872,
  10.637,
  3.872,
  5.976,
  -0.209,
  6.847,
  1.455,
  7.743,
  1.931,
  9.711,
  4.324,
  10.266,
  2.944,
  10.316,
  2.764,
  11.205,
  3.002,
  11.818,
  2.947,
  12.006,
  3.217,
  12.408,
  2.412,
  12.653,
  2.46,
  12.951,
  2.753,
  1.52,
  0.351,
  -1.375,
  0.671,
  -2.33,
  -0.041,
  -5.047,
  -1.073,
  -2.819,
  -1.026,
  -2.819,
  -1.026,
  -5.592,
  0.293,
  -4.33,
  -2.5,
  -4.33,
  -2.5,
  2.68,
  0,
  2.68,
  0,
  -3.127,
  1.201,
  0,
  2,
  0,
  2,
  -2.5,
  4.33,
  -3.398,
  3.909,
  -3.503,
  4.648,
  -3.229,
  5.374,
  -2.778,
  6.24,
  -2.373,
  6.893,
  -2.117,
  7.382,
  -1.507,
  7.755,
  -0.139,
  7.969,
  1.354,
  7.682,
  1.439,
  5.773,
  -0.253,
  7.236,
  -0.809,
  7.698,
  0.368,
  7.02,
  4.717,
  5.239,
  7.518,
  3.347,
  7.986,
  1.991,
  5.125,
  4.3,
  5.125,
  4.3,
  10.637,
  3.872,
  10.637,
  3.872,
  7.475,
  0.261,
  9.138,
  2.448,
  10.59,
  3.855,
  10.684,
  3.889,
  9.63,
  2.58,
  9.545,
  2.737,
  8.92,
  3.786,
  8.966,
  3.622,
  9.84,
  3.777,
  10.496,
  3.82,
  10.817,
  3.724,
  11.135,
  4.053,
  0.137,
  -0.322,
  -0.225,
  -0.652,
  -0.366,
  -0.585,
  -1.607,
  -0.491,
  -3.326,
  2.329,
  -4.327,
  1.16,
  -6.007,
  1.059,
  -6.07,
  0.853,
  -5.686,
  -0.398,
  2.68,
  0,
  2.68,
  0,
  -1.018,
  0.824,
  0,
  2,
  0,
  2,
  -2.5,
  4.33,
  -2.5,
  4.33,
  -3.275,
  5.241,
  -3.19,
  5.755,
  -2.827,
  6.349,
  -2.573,
  6.703,
  -2.015,
  7.027,
  -1.57,
  7.385,
  -0.26,
  7.455,
  0.122,
  6.979,
  2.466,
  5.808,
  5.14,
  3.467,
  6.87,
  3.059,
  6.819,
  2.216,
  6.897,
  2.51,
  7.079,
  3.005,
  6.834,
  3.482,
  7.254,
  2.64,
  7.254,
  2.64,
  7.254,
  2.64,
  8.151,
  2.337,
  8.588,
  2.625,
  9.363,
  2.685,
  10.186,
  3.31,
  8.994,
  3.634,
  10.098,
  4.286,
  9.882,
  2.834,
  9.997,
  2.125,
  8.635,
  2.64,
  9.096,
  3.311,
  9.346,
  3.776,
  10.375,
  4.192,
  9.802,
  4.364
]