


[
  3.468,
  0.929,
  3.624,
  1.177,
  3.048,
  0.267,
  3.431,
  -0.361,
  3.603,
  -0.965,
  4.649,
  -0.325,
  -0.327,
  -0.125,
  0.754,
  -0.509,
  0.837,
  -1.11,
  0.943,
  0.88,
  -0.276,
  0.441,
  -0.677,
  0.059,
  -0.099,
  -0.945,
  0.618,
  -1.029,
  1.042,
  -1.079,
  1.055,
  -1.507,
  1.691,
  -1.141,
  2.508,
  -1.223,
  2.837,
  -1.705,
  2.963,
  -2.233,
  4.698,
  1.71,
  4.698,
  1.71,
  4.698,
  1.71,
  4.698,
  1.71,
  4.46,
  -1.449,
  3.951,
  -0.626,
  4.784,
  0.503,
  3.698,
  -1.884,
  5.752,
  -3.456,
  5.681,
  -1.311,
  4.87,
  0,
  5.131,
  0.63,
  5.277,
  1.513,
  2.518,
  0.917,
  0.695,
  3.939,
  4.981,
  2.538,
  4.351,
  1.584,
  4.888,
  2.075,
  5.819,
  2.591,
  7.714,
  3.274,
  6.105,
  3.384,
  6.087,
  3.374,
  11.877,
  6.584,
  13.703,
  6.101,
  14.772,
  6.577,
  15.457,
  6.882,
  15.768,
  7.02,
  3.82,
  1.863,
  3.6,
  0.765,
  4.762,
  0.417,
  4.584,
  1.489,
  3.527,
  0.309,
  4.02,
  -0.565,
  0.138,
  1.122,
  0.158,
  1.29,
  0.933,
  0.933,
  0.72,
  -1.617,
  0.325,
  -0.893,
  0.71,
  -1.23,
  1.265,
  -1.562,
  1.075,
  -2.022,
  0.457,
  -2.59,
  0.664,
  -2.874,
  1.119,
  -2.512,
  1.561,
  -1.927,
  1.704,
  -1.704,
  2.23,
  -1.806,
  3.176,
  -1.348,
  4.698,
  1.71,
  4.698,
  1.71,
  3.968,
  -1.603,
  2.469,
  -0.391,
  3.086,
  -2.004,
  4.429,
  0.31,
  5.204,
  1.106,
  7.027,
  0.863,
  3.892,
  1.19,
  5.725,
  1.427,
  5.902,
  1.581,
  5.533,
  2.819,
  0.695,
  3.939,
  0.695,
  3.939,
  0.695,
  3.939,
  0.695,
  3.939,
  4.113,
  3.099,
  3.608,
  3.136,
  4.277,
  2.179,
  3.421,
  1.975,
  9.291,
  7.259,
  11.536,
  6.395,
  11.761,
  6.79,
  14.207,
  7.554,
  15.199,
  7.087,
  15.407,
  7.185,
  5.826,
  2.236,
  6.598,
  1.645,
  6.736,
  1.067,
  7.166,
  0.25,
  7.079,
  -0.124,
  7.229,
  -0.126,
  7.222,
  0.505,
  0,
  1.29,
  -1.533,
  1.155,
  -0.67,
  -0.922,
  0.396,
  -2.245,
  -0.711,
  -2.187,
  0.134,
  -2.556,
  0.232,
  -1.886,
  0.68,
  -2.727,
  1.257,
  -2.823,
  0.831,
  -3.101,
  1.124,
  -2.411,
  1.639,
  -1.821,
  2.189,
  -1.903,
  2.601,
  -1.213,
  3.148,
  -1.023,
  3.284,
  -0.758,
  4.067,
  -1.09,
  3.792,
  -0.466,
  4.718,
  -0.33,
  5.646,
  -0.395,
  6.521,
  -0.342,
  6.782,
  1.566,
  5.998,
  1.72,
  5.991,
  2.794,
  6.073,
  2.454,
  3.881,
  0.477,
  0.695,
  3.939,
  0.695,
  3.939,
  0.695,
  3.939,
  2.354,
  2.907,
  4.213,
  3.535,
  3.357,
  1.156,
  5.165,
  4.988,
  9.86,
  4.809,
  8.653,
  4.601,
  9.052,
  5.439,
  10.744,
  7.806,
  12.874,
  7.136,
  13.253,
  7.047,
  14.167,
  7.218,
  9.225,
  0.807,
  7.949,
  0.139,
  8.458,
  0.443,
  7.839,
  -0.411,
  7.884,
  -1.676,
  7.418,
  -1.175,
  7.828,
  -2.849,
  1.039,
  -2.707,
  0.204,
  -2.331,
  0.668,
  -2.678,
  0.078,
  -2.229,
  -1.14,
  -3.509,
  0,
  -4.4,
  0.599,
  -3.398,
  -0.355,
  -2.888,
  0.179,
  -2.042,
  1.541,
  -2.373,
  0.714,
  -2.666,
  0.599,
  -1.96,
  1.652,
  -1.073,
  1.962,
  -1.274,
  2.62,
  -0.801,
  2.964,
  -0.63,
  3.628,
  0.127,
  3.441,
  0.362,
  4.499,
  0.079,
  5.639,
  0.098,
  6.397,
  1.36,
  4.724,
  0.248,
  6.216,
  1.435,
  5.907,
  3.141,
  4.381,
  4.23,
  8.589,
  7.466,
  8.805,
  7.13,
  6.517,
  5.092,
  7.632,
  7.37,
  10.887,
  7.623,
  10.843,
  5.765,
  10.472,
  5.568,
  10.788,
  3.926,
  8.382,
  3.386,
  7.604,
  5.941,
  10.46,
  5.798,
  10.089,
  6.062,
  9.306,
  6.516,
  11.507,
  7.472,
  13.156,
  6.995,
  8.968,
  0.47,
  9.088,
  -0.635,
  8.267,
  -1.309,
  8.515,
  -0.297,
  8.015,
  0.28,
  1.693,
  -2.167,
  2.318,
  -1.623,
  5.55,
  -1.911,
  -1.143,
  -1.517,
  1.019,
  -5.242,
  -0.241,
  -4.604,
  -0.639,
  -4.545,
  -0.365,
  -4.174,
  -0.725,
  -2.372,
  -1.102,
  -2.596,
  -1.306,
  -1.057,
  -2.819,
  -1.026,
  -2.819,
  -1.026,
  -2.819,
  -1.026,
  1.416,
  -0.885,
  1.649,
  -0.321,
  1.466,
  -0.881,
  2.147,
  -1.394,
  2.877,
  -1.595,
  3.163,
  -0.907,
  3.551,
  -0.885,
  5.079,
  -1.65,
  2.036,
  -0.47,
  4.14,
  0,
  4.754,
  0.5,
  0,
  -2.89,
  4.833,
  1.116,
  3.708,
  8.736,
  6.232,
  10.372,
  8.552,
  10.945,
  10.489,
  10.862,
  9.392,
  7.881,
  11.221,
  8.767,
  12.345,
  8.017,
  12.882,
  6.85,
  10.604,
  5.638,
  10.312,
  5.716,
  9.359,
  4.976,
  9.497,
  7.69,
  9.608,
  6.004,
  10.835,
  6.51,
  9.943,
  5.974,
  8.394,
  0.882,
  9.225,
  0.807,
  9.377,
  -0.656,
  6.844,
  -1.963,
  2.019,
  -2.585,
  1.822,
  -4.093,
  0.673,
  -2.345,
  3.142,
  -2.119,
  1.409,
  -4.609,
  -0.066,
  -3.809,
  0.701,
  -4.425,
  -1.364,
  -5.09,
  -1.623,
  -3.645,
  -2.34,
  -1.829,
  -2.28,
  -0.526,
  -1.882,
  -0.469,
  -2.819,
  -1.026,
  -2.819,
  -1.026,
  -2.819,
  -1.026,
  0.569,
  -1.75,
  1.126,
  -0.849,
  -1.009,
  -1.203,
  1.473,
  -0.45,
  1.205,
  -0.562,
  2.666,
  -0.714,
  3.056,
  1.297,
  4.83,
  0.939,
  5.733,
  -1.114,
  4.525,
  0.88,
  -1.556,
  -0.274,
  -3.036,
  -1.897,
  -0.658,
  1.348,
  3.809,
  5.055,
  3.106,
  10.833,
  4.982,
  12.332,
  6.875,
  12.402,
  8.781,
  12.541,
  9.58,
  12.261,
  8.992,
  8.683,
  10.389,
  9.354,
  11.302,
  8.211,
  11.366,
  7.667,
  9.977,
  6.986,
  10.297,
  7.21,
  9.492,
  6.403,
  10.048,
  8.137,
  11.087,
  7.2,
  3.546,
  -0.31,
  6.196,
  -0.542,
  2.02,
  0.735,
  1.933,
  -1.354,
  1.289,
  -3.19,
  0.575,
  -0.556,
  0.277,
  0.686,
  2.536,
  -2.817,
  2.974,
  -4.579,
  1.651,
  -4.794,
  -1.279,
  -4.46,
  -1.289,
  -3.744,
  -2.01,
  -2.767,
  -2.987,
  -1.33,
  -3.128,
  -0.274,
  -2.411,
  0.211,
  -1.096,
  0.096,
  0.148,
  0.317,
  0.935,
  -0.54,
  0.642,
  -1.378,
  -0.133,
  -1.263,
  0.702,
  -0.727,
  0.686,
  -1.057,
  1.155,
  0.288,
  2.68,
  -0.047,
  2.314,
  -0.162,
  1.767,
  0.979,
  1.025,
  1.775,
  1.721,
  0.493,
  0.932,
  -1.551,
  0.319,
  -2.268,
  -1.276,
  -4.451,
  -1.309,
  2.095,
  0.676,
  7.73,
  2.124,
  8.519,
  3.431,
  9.966,
  5.308,
  11.383,
  7.578,
  12.127,
  8.416,
  12.477,
  8.453,
  10.819,
  8.181,
  10.103,
  9.567,
  9.567,
  9.946,
  9.275,
  9.752,
  8.183,
  9.599,
  8.054,
  10.289,
  7.204,
  8.733,
  7.328,
  2.215,
  2.736,
  -2.531,
  2.531,
  -2.531,
  2.531,
  0,
  2,
  0,
  2,
  0.561,
  -2.641,
  0.447,
  -2.825,
  0.674,
  -5.489,
  2.086,
  -5.732,
  -0.694,
  -4.941,
  -3.154,
  -3.154,
  -3.433,
  -1.05,
  -4.009,
  0.07,
  -4.237,
  0.148,
  -2.945,
  0.572,
  -1.605,
  -0.283,
  -0.843,
  -1.348,
  0.154,
  0.246,
  -1.023,
  0.567,
  0.337,
  1.037,
  -0.074,
  0.26,
  0.507,
  1.56,
  1.174,
  1.174,
  0.084,
  1.598,
  2.935,
  0.571,
  4.2,
  2.524,
  0.776,
  -1.03,
  -0.119,
  -1.134,
  0.051,
  -2.91,
  0.664,
  -2.874,
  1.916,
  -1.916,
  -3.891,
  -5.356,
  -4.395,
  -1.096,
  -2.684,
  3.834,
  -0.342,
  6.521,
  1.589,
  8.177,
  3.386,
  9.833,
  4.824,
  10.835,
  6.186,
  11.16,
  7.032,
  11.254,
  7.606,
  10.469,
  7.339,
  9.393,
  7.667,
  10.175,
  8.234,
  9.472,
  8.977,
  8.669,
  9.061,
  8.45,
  10.196,
  8.257,
  10.425,
  0.729,
  -2.531,
  2.531,
  0,
  2,
  0,
  2,
  0,
  2,
  -4.47,
  0,
  -4.47,
  0,
  -2.293,
  -3.531,
  -4.111,
  -3.329,
  -3.737,
  -0.794,
  -5.604,
  0.988,
  -4.971,
  -0.435,
  -4.627,
  0.162,
  -3.155,
  2.292,
  0.351,
  -3.342,
  -0.198,
  -3.785,
  -0.443,
  -2.511,
  -0.241,
  -0.7,
  0.116,
  0.435,
  0.339,
  2.143,
  1.885,
  1.42,
  1.982,
  1.388,
  -0.292,
  -0.625,
  1.817,
  2.412,
  3.599,
  1.528,
  -1.331,
  -1.973,
  3.84,
  -3.84,
  5.595,
  -1.088,
  3.493,
  -0.871,
  2.637,
  -4.389,
  -0.349,
  -4.998,
  1.935,
  -2.868,
  -4.569,
  -1.224,
  -4.124,
  1.923,
  -2.111,
  4.741,
  -0.248,
  7.106,
  1.521,
  8.627,
  3.087,
  9.501,
  4.023,
  9.958,
  5.146,
  10.552,
  5.939,
  10.714,
  6.274,
  9.661,
  6.428,
  10.287,
  7.412,
  10.202,
  7.656,
  8.807,
  8.926,
  9.244,
  8.719,
  8.719,
  10.326,
  -0.541,
  -1.535,
  -2.037,
  -1.427,
  2.197,
  0.496,
  1.169,
  -4.47,
  0,
  1.732,
  -1,
  -4.47,
  0,
  -0.726,
  -4.583,
  -3.662,
  -1.866,
  -5.231,
  0.55,
  -4.619,
  -1.412,
  2.094,
  -2.326,
  2.094,
  -2.326,
  -3.5,
  -6.062,
  -3.543,
  -3.543,
  -4.088,
  -2.36,
  -4.098,
  -1.573,
  -3.052,
  -0.483,
  -1.07,
  0.019,
  2.501,
  0.307,
  4.54,
  -1.216,
  2.966,
  0.155,
  1.817,
  2.091,
  3.234,
  1.44,
  4.219,
  0.593,
  5.849,
  -1.243,
  5.37,
  -1.044,
  7.829,
  -0.137,
  5.049,
  0.088,
  4.429,
  0.31,
  -1.062,
  -0.386,
  -1.887,
  -3.019,
  -3.742,
  -0.864,
  -4.774,
  1.102,
  -3.084,
  3.194,
  -1.331,
  5.337,
  -0.123,
  7.059,
  1.256,
  7.931,
  2.368,
  8.838,
  3.152,
  9.701,
  3.643,
  10.58,
  4.506,
  9.24,
  4.958,
  9.324,
  5.98,
  9.952,
  7.059,
  9.716,
  7.837,
  10.031,
  9.051,
  9.373,
  1.503,
  -2.711,
  -0.428,
  -0.278,
  1.037,
  0.164,
  2.834,
  0.298,
  1.732,
  -1,
  1.732,
  -1,
  1.732,
  -1,
  -0.471,
  -4.485,
  -0.548,
  -6.266,
  -0.112,
  -6.399,
  0.104,
  -5.949,
  2.094,
  -2.326,
  2.094,
  -2.326,
  -3.5,
  -6.062,
  -3.5,
  -6.062,
  -4.448,
  -3.115,
  -3.9,
  -2.533,
  -3.892,
  -0.547,
  -2.222,
  1.499,
  -0.339,
  3.222,
  1.117,
  2.101,
  2.812,
  1.689,
  2.987,
  2.333,
  3.099,
  1.648,
  2.617,
  0.415,
  4.185,
  1.36,
  5.86,
  1.139,
  8.547,
  2.943,
  6.831,
  3.332,
  4.764,
  2.323,
  2.633,
  2.542,
  -1.601,
  -3.011,
  -3.917,
  -0.904,
  -4.687,
  1.168,
  -4.142,
  3.009,
  -2.786,
  4.637,
  -1.737,
  6.056,
  -0.509,
  7.272,
  0.415,
  7.909,
  1.104,
  8.992,
  2.272,
  9.841,
  2.827,
  9.247,
  3.383,
  9.824,
  4.374,
  9.38,
  5.056,
  9.509,
  6.537,
  9.691,
  7.665,
  9.811,
  -1.532,
  1.286,
  1.275,
  1.109,
  2.8,
  0.049,
  4.093,
  -2.269,
  4.638,
  -3.012,
  4.732,
  -2.843,
  -0.225,
  -2.57,
  1.629,
  -2.939,
  -1.867,
  -8.087,
  0.132,
  -7.549,
  0.688,
  -6.544,
  1.156,
  -5.949,
  -3.5,
  -6.062,
  -3.5,
  -6.062,
  -3.5,
  -6.062,
  -0.792,
  -4.491,
  -1.695,
  -3.634,
  -3.061,
  -1.697,
  -2.405,
  0.467,
  -0.952,
  2.138,
  -0.075,
  2.139,
  2.088,
  2.319,
  2.83,
  3.035,
  4.069,
  2.957,
  1.18,
  -0.99,
  1.18,
  -0.99,
  2.887,
  -1.535,
  -1.285,
  2.226,
  -1.285,
  2.226,
  3.212,
  4.587,
  3.233,
  3.853,
  2.376,
  2.376,
  -4.018,
  0.14,
  -5.827,
  0.923,
  -4.563,
  3.565,
  -4.088,
  4.872,
  -3.141,
  5.907,
  -2.084,
  7.267,
  -1.122,
  7.982,
  -0.456,
  8.698,
  0.642,
  9.188,
  1.099,
  8.953,
  1.832,
  9.424,
  3.468,
  9.528,
  4.488,
  9.625,
  5.202,
  9.783,
  6.201,
  9.194,
  -1.532,
  1.286,
  1.8,
  0,
  4.107,
  -1.66,
  5.032,
  -3.023,
  5.563,
  -3.752,
  5.571,
  -4.353,
  5.134,
  -5.134,
  3.31,
  -4.392,
  -0.224,
  -6.416,
  -0.345,
  -6.581,
  0.658,
  -4.684,
  -0.687,
  -2.756,
  -2.798,
  -3.851,
  -2.047,
  -4.018,
  -0.384,
  -3.65,
  -0.123,
  -3.518,
  -0.064,
  -3.659,
  -1.817,
  -2.694,
  -1.855,
  -0.497,
  -1.356,
  2.088,
  1.957,
  2.902,
  1.834,
  2.934,
  2.065,
  3.577,
  2.648,
  3.156,
  1.18,
  -0.99,
  1.18,
  -0.99,
  -1.285,
  2.226,
  -1.285,
  2.226,
  -1.285,
  2.226,
  0.179,
  5.137,
  2.458,
  5.79,
  1.763,
  4.593,
  -4.368,
  0.849,
  -4.697,
  2.603,
  -5.048,
  3.668,
  -5.149,
  4.801,
  -4.861,
  5.592,
  -3.31,
  6.495,
  -3.057,
  7.963,
  -2.329,
  8.693,
  -1.453,
  9.176,
  -1.029,
  9.786,
  -0.356,
  10.184,
  1.095,
  10.423,
  2.16,
  10.163,
  3.319,
  10.214,
  3.617,
  10.505,
  0.265,
  -0.052,
  3.618,
  -1.317,
  4.881,
  -3.17,
  5.026,
  -4.369,
  5.26,
  -4.573,
  5.89,
  -4.124,
  4.399,
  -3.08,
  2.539,
  -3.495,
  0.718,
  -5.11,
  -0.789,
  -5.615,
  1.239,
  -5.369,
  0.272,
  -5.183,
  1.527,
  -4.698,
  -0.42,
  -3.424,
  -1.155,
  -1.533,
  -2.768,
  -1.797,
  0.158,
  -3.006,
  -1.13,
  -1.957,
  -1.969,
  -0.64,
  -0.875,
  2.062,
  0.709,
  3.069,
  1.999,
  1.8,
  4.902,
  2.83,
  4.902,
  2.83,
  0,
  3.09,
  1.18,
  0.99,
  -1.03,
  0,
  -1.03,
  0,
  -1.03,
  0,
  -0.975,
  5.016,
  0.458,
  6.544,
  -0.089,
  5.119,
  -3.585,
  3.116,
  -4.495,
  2.919,
  -5.051,
  3.946,
  -5.646,
  4.255,
  -5.424,
  5.424,
  -4.858,
  6.938,
  -4.64,
  8.37,
  -3.813,
  9.439,
  -3.246,
  9.427,
  -2.938,
  9.611,
  -2.48,
  9.946,
  -0.715,
  4.057,
  -0.715,
  4.057,
  -0.715,
  4.057,
  1.677,
  9.513,
  3.094,
  -1.859,
  4.038,
  -4.038,
  4.229,
  -4.697,
  0,
  -1.79,
  0,
  -1.79,
  1.584,
  -1.584,
  1.584,
  -1.584,
  1.584,
  -1.584,
  0.946,
  -5.976,
  0.944,
  -6.714,
  0.867,
  -5.472,
  1.042,
  -4.511,
  0.383,
  -4.373,
  0.272,
  -3.89,
  0.813,
  -3.26,
  0.163,
  -3.116,
  0.214,
  -2.441,
  -0.962,
  -1.889,
  -1.97,
  -0.347,
  -1.491,
  1.777,
  -0.682,
  2.952,
  -0.558,
  3.971,
  4.902,
  2.83,
  4.902,
  2.83,
  -0.358,
  2.029,
  1.18,
  0.99,
  -0.625,
  3.545,
  -1.03,
  0,
  -1.03,
  0,
  -1.364,
  5.472,
  -1.028,
  7.318,
  -0.248,
  7.096,
  -3.854,
  4.281,
  -3.949,
  4.543,
  -5.527,
  4.165,
  -5.891,
  5.689,
  -5.824,
  7.455,
  -5.805,
  8.29,
  -6.166,
  8.487,
  -5.626,
  8.663,
  -5.4,
  9.353,
  -4.862,
  9.968,
  -4.695,
  10.069,
  -0.715,
  4.057,
  -0.715,
  4.057,
  -1.936,
  5.319,
  0.559,
  3.981,
  2.974,
  -4.579,
  3.441,
  -4.915,
  3.296,
  -5.486,
  0,
  -1.79,
  0,
  -1.79,
  0,
  -1.79,
  1.584,
  -1.584,
  1.584,
  -1.584,
  0.814,
  -5.793,
  0.763,
  -5.427,
  0.695,
  -3.939,
  0.695,
  -3.939,
  0.695,
  -3.939,
  0.263,
  -2.506,
  0.488,
  -0.696,
  -0.156,
  0.805,
  -0.746,
  -2.165,
  -1.722,
  -0.915,
  -2.426,
  0.605,
  -1.982,
  2.537,
  -2.029,
  3.377,
  -1.722,
  5.002,
  -0.864,
  7.037,
  -0.228,
  6.516,
  -0.625,
  3.545,
  -0.625,
  3.545,
  1.03,
  1.784,
  1.03,
  1.784,
  2.309,
  0.081,
  -1.758,
  5.412,
  -1.536,
  7.229,
  -0.893,
  7.275,
  -2.477,
  5.836,
  -3.659,
  4.856,
  -5.497,
  5.895,
  -6.307,
  6.532,
  -5.99,
  6.89,
  -5.965,
  7.109,
  -6.139,
  8.146,
  -5.839,
  8.991,
  -5.727,
  9.532,
  -6.15,
  10.235,
  -2.993,
  8.222,
  -2.993,
  8.222,
  -1.936,
  5.319,
  -1.936,
  5.319,
  0,
  5.66,
  3.171,
  -5.72,
  2.612,
  -5.601,
  2.048,
  -5.947,
  1.198,
  -5.634,
  1.226,
  -5.31,
  2.04,
  -4.805,
  1.511,
  -4.651,
  1.381,
  -4.816,
  1.424,
  -4.657,
  0.158,
  -4.517,
  0.695,
  -3.939,
  0.695,
  -3.939,
  0.695,
  -3.939,
  -0.423,
  -1.303,
  -0.377,
  0.245,
  -1.846,
  -1.549,
  -2.429,
  -0.743,
  -2.994,
  0.315,
  -2.781,
  2.333,
  -3.058,
  3.777,
  -3.083,
  5.563,
  -2.487,
  7.224,
  -1.658,
  8.53,
  0.137,
  7.849,
  -0.662,
  5.39,
  1.03,
  1.784,
  1.03,
  1.784,
  2.029,
  0.358,
  2.029,
  0.358,
  -0.168,
  4.797,
  -2.235,
  7.796,
  -1.02,
  8.308,
  -0.397,
  7.57,
  -5.141,
  6.58,
  -6.755,
  6.523,
  -7.394,
  6.658,
  -1.231,
  3.383,
  -1.231,
  3.383,
  0.893,
  5.062,
  0,
  4.12,
  0,
  4.12,
  -4.73,
  10.625,
  -2.993,
  8.222,
  -2.993,
  8.222,
  -2.993,
  8.222,
  0,
  5.66,
  0,
  5.66,
  3.111,
  -4.978,
  2.195,
  -5.433,
  1.194,
  -5.174,
  0.363,
  -5.187,
  0.176,
  -5.027,
  0.938,
  -4.411,
  -0.45,
  0,
  -0.45,
  0,
  0.243,
  -3.481,
  -0.912,
  -3.182,
  -1.509,
  -2.154,
  -2.262,
  -1.767,
  -2.129,
  -0.817,
  -1.185,
  -0.104,
  -2.077,
  -0.839,
  -3.441,
  -0.362,
  -3.88,
  0.684,
  -3.953,
  2.191,
  -3.916,
  3.526,
  -3.712,
  4.752,
  -3.482,
  6.834,
  -3.435,
  8.091,
  -2.815,
  7.734,
  -2.815,
  7.734,
  -0.245,
  4.684,
  0.464,
  2.629,
  0.479,
  -0.174,
  0.479,
  -0.174,
  4.01,
  2.315,
  4.01,
  2.315,
  -2.903,
  9.496,
  -2.361,
  9.47,
  -5.675,
  9.083,
  -4.593,
  5.879,
  -3.7,
  4.57,
  -0.527,
  1.447,
  -0.527,
  1.447,
  -1.231,
  3.383,
  0.893,
  5.062,
  0,
  4.12,
  0,
  4.12,
  0.629,
  0.629,
  0.324,
  0.313,
  1.484,
  2.375,
  2.62,
  5.619,
  2.112,
  1.65,
  2.112,
  1.65,
  2.029,
  -3.983,
  1.298,
  -3.994,
  0.505,
  -4.109,
  -0.135,
  -3.858,
  -0.32,
  -3.656,
  -0.309,
  -3.536,
  -0.45,
  0,
  -0.45,
  0,
  -0.45,
  0,
  -1.741,
  -1.623,
  -2.306,
  -1.385,
  -2.723,
  -0.383,
  -2.264,
  0.158,
  -2.219,
  0.678,
  -3.548,
  -0.124,
  -4.436,
  0.466,
  -4.759,
  2.02,
  -4.531,
  3.54,
  -5.028,
  4.856,
  -4.655,
  6.407,
  -4.141,
  7.788,
  -4.009,
  9.444,
  -2.815,
  7.734,
  -2.815,
  7.734,
  -2.815,
  7.734,
  1.078,
  2.311,
  0.479,
  -0.174,
  0.479,
  -0.174,
  4.01,
  2.315,
  4.01,
  2.315,
  -3.454,
  9.491,
  -1.906,
  9.806,
  -1.052,
  8.566,
  -1.545,
  2.676,
  -1.545,
  2.676,
  -0.527,
  1.447,
  -0.527,
  1.447,
  1.231,
  3.383,
  1.231,
  3.383,
  0,
  4.12,
  0.804,
  4.56,
  0,
  5.66,
  0.324,
  0.313,
  9.062,
  7.604,
  9.062,
  7.604,
  4.759,
  3.332,
  0.77,
  -1.334,
  1.162,
  -3.576,
  0.314,
  -3.586,
  -0.183,
  -3.485,
  -0.113,
  -3.248,
  -0.261,
  -2.989,
  -0.741,
  -2.586,
  -0.45,
  0,
  -0.45,
  0,
  -1.405,
  -2.164,
  -2.614,
  0.183,
  -3.742,
  0.459,
  -2.616,
  0.275,
  -2.782,
  1.124,
  -3.088,
  1.375,
  -4.375,
  1.01,
  -4.935,
  1.509,
  -5.003,
  2.773,
  -5.217,
  4.076,
  -5.306,
  5.69,
  -4.977,
  7.378,
  -4.824,
  8.702,
  -3.949,
  10.288,
  -2.815,
  7.734,
  -2.815,
  7.734,
  -0.067,
  3.859,
  -1.684,
  -0.147,
  1.8,
  3.861,
  -1.625,
  4.464,
  -1.584,
  4.351,
  -1.584,
  4.351,
  -1.584,
  4.351,
  -4.252,
  9.117,
  -0.804,
  4.56,
  -1.545,
  2.676,
  -1.545,
  2.676,
  -1.8,
  3.118,
  -1.8,
  3.118,
  1.231,
  3.383,
  1.231,
  3.383,
  1.25,
  7.091,
  0,
  6.17,
  2.11,
  5.798,
  2.11,
  5.798,
  9.062,
  7.604,
  1.341,
  3.319,
  4.759,
  3.332,
  0.77,
  -1.334,
  0.692,
  -2.413,
  -0.161,
  -2.304,
  -0.672,
  -2.2,
  -0.372,
  -2.351,
  -1.143,
  -2.567,
  -1.23,
  -2.313,
  -1.26,
  -2.182,
  -1.2,
  -2.078,
  -1.894,
  -1.766,
  -2.038,
  -1.323,
  -3.247,
  -0.69,
  -2.935,
  0.571,
  -2.692,
  1.255,
  -3.1,
  1.445,
  -3.885,
  1.979,
  -4.963,
  2.982,
  -5.324,
  3.728,
  -5.536,
  4.985,
  -5.567,
  6.183,
  -5.283,
  7.544,
  -4.74,
  9.302,
  -3.631,
  11.175,
  -1.488,
  12.119,
  0,
  3.6,
  0.516,
  4.913,
  0.693,
  3.563,
  -0.799,
  7.598,
  -2.132,
  6.562,
  -1.584,
  4.351,
  -1.584,
  4.351,
  -0.893,
  5.062,
  -0.893,
  5.062,
  0,
  5.66,
  -0.804,
  4.56,
  1.584,
  4.351,
  0,
  7.2,
  0,
  7.2,
  4.046,
  11.117,
  0.537,
  3.043,
  1.25,
  7.091,
  1.25,
  7.091,
  2.64,
  7.254,
  2.64,
  7.254,
  1.341,
  3.319,
  1.341,
  3.319,
  10.045,
  10.402,
  9.617,
  6.487,
  0.098,
  -1.407,
  -0.989,
  -1.646,
  -1.193,
  -1.837,
  -1.469,
  -2.023,
  -2.021,
  -1.952,
  -1.896,
  -1.964,
  -2.752,
  -1.857,
  -1.103,
  -2.165,
  -2.172,
  -1.465,
  -2.064,
  -1.144,
  -3.426,
  -0.666,
  -3.789,
  0.737,
  -3.101,
  2.091,
  -2.808,
  2.619,
  -3.426,
  2.979,
  -4.808,
  3.367,
  -5.331,
  4.317,
  -5.713,
  5.713,
  -6.036,
  7.193,
  -5.631,
  8.348,
  -4.506,
  9.24,
  -3.354,
  10.969,
  0,
  3.6,
  0,
  3.6,
  0,
  3.6,
  -1.458,
  7.5,
  -2.712,
  9.459,
  -3.719,
  7.976,
  -3.447,
  8.981,
  3.218,
  1.569,
  3.218,
  1.569,
  -0.893,
  5.062,
  0,
  5.66,
  1.584,
  4.351,
  1.584,
  4.351,
  0,
  7.2,
  0,
  7.2,
  4.046,
  11.117,
  4.046,
  11.117,
  -5.9,
  13.9,
  2.64,
  7.254,
  2.64,
  7.254,
  2.64,
  7.254,
  0.981,
  6.193,
  3.642,
  13.591,
  5.383,
  11.037,
  5.737,
  8.506,
  -0.137,
  -1.303,
  -1.279,
  -1.524,
  -1.869,
  -1.408,
  -1.806,
  -1.129,
  -2.273,
  -0.739,
  -2.579,
  -0.691,
  -2.622,
  -0.954,
  -3.231,
  -0.806,
  -2.669,
  -1.302,
  -2.994,
  -0.315,
  -3.619,
  0.063,
  -3.998,
  0.705,
  -2.728,
  2.544,
  -2.389,
  3.171,
  -3.051,
  3.389,
  -4.429,
  3.988,
  -5.002,
  4.665,
  -5.279,
  5.467,
  -5.406,
  6.676,
  -5.065,
  8.773,
  -4.263,
  10.551,
  -3.196,
  11.929,
  -0.829,
  11.851,
  0,
  3.6,
  -0.657,
  7.511,
  -3.232,
  8.88,
  -2.075,
  9.762,
  -1.429,
  8.105,
  -1.429,
  8.105,
  1.25,
  7.091,
  1.25,
  7.091,
  0.893,
  5.062,
  1.071,
  6.076,
  -0.394,
  0.218,
  1.584,
  4.351,
  2.619,
  9.775,
  -0.706,
  -1.514,
  4.046,
  11.117,
  4.046,
  11.117,
  -6.559,
  14.066,
  -0.774,
  14.76,
  1.693,
  9.602,
  1.208,
  6.214,
  -1.027,
  8.367,
  -0.453,
  12.982,
  0.352,
  10.094,
  2.339,
  10.133,
  -2.451,
  -1.531,
  -2.049,
  -1.044,
  -2.387,
  -0.551,
  -1.72,
  -1.205,
  -2.192,
  -0.628,
  -2.839,
  -0.349,
  -3.216,
  -0.395,
  -3.533,
  -0.434,
  -0.318,
  -0.318,
  -0.318,
  -0.318,
  -0.318,
  -0.318,
  -4.219,
  1.704,
  -3.431,
  3.314,
  -2.612,
  3.225,
  -2.473,
  3.054,
  -3.315,
  3.554,
  -4.788,
  5.134,
  -5.149,
  6.136,
  -4.761,
  6.799,
  -3.829,
  8.211,
  -3.093,
  9.52,
  -2.312,
  10.877,
  -1.015,
  9.657,
  -2.883,
  5.421,
  -3.827,
  7.511,
  -2.454,
  10.63,
  -1.61,
  10.163,
  -1.429,
  8.105,
  -1.429,
  8.105,
  1.25,
  7.091,
  1.25,
  7.091,
  1.071,
  6.076,
  1.071,
  6.076,
  -2.758,
  2.314,
  0.925,
  13.228,
  6.082,
  15.843,
  -1.467,
  1.417,
  -3.7,
  4.57,
  -7.33,
  10.088,
  -5.979,
  13.429,
  -2.415,
  13.699,
  0.438,
  12.532,
  -0.408,
  7.779,
  -3.379,
  8.804,
  -3.06,
  10.67,
  -1.479,
  10.527,
  -1.428,
  10.16,
  -0.697,
  1.073,
  -3.478,
  0.121,
  -1.717,
  -1.391,
  -2.123,
  -0.451,
  -2.954,
  -0.521,
  -2.954,
  -0.521,
  -3.258,
  0.458,
  -3.759,
  1.368,
  -3.759,
  1.368,
  -0.318,
  -0.318,
  -3.04,
  0.053,
  -3.565,
  0.501,
  -3.791,
  1.688,
  -3.412,
  2.763,
  -2.505,
  3.858,
  -3.677,
  4.88,
  -3.854,
  4.933,
  -4.309,
  5.718,
  -4.098,
  7.708,
  -3.025,
  8.784,
  -2.254,
  9.763,
  -1.303,
  9.269,
  -2.719,
  7.471,
  -2.509,
  7.723,
  -3.82,
  8.193,
  -1.622,
  10.242,
  -2.349,
  9.422,
  -2.627,
  10.537,
  -1.22,
  11.606,
  0.803,
  9.175,
  0.365,
  10.444,
  0,
  2.06,
  0,
  2.06,
  -2.758,
  2.314,
  -2.758,
  2.314,
  3.127,
  14.711,
  0.651,
  3.693,
  -6.458,
  6.022,
  -7.277,
  10.016,
  -6.315,
  12.394,
  -4.666,
  12.155,
  -2.362,
  10.231,
  -6.254,
  7.454,
  -6.296,
  9.695,
  -4.319,
  10.69,
  -4.3,
  10.644,
  -3.485,
  9.575,
  1.518,
  0.949,
  -0.321,
  0.883,
  -0.934,
  1.002,
  -2.055,
  0.144,
  -2.954,
  -0.521,
  -2.954,
  -0.521,
  -3.365,
  0.715,
  -3.759,
  1.368,
  -3.759,
  1.368,
  -3.759,
  1.368,
  -2.43,
  -1.032,
  -3.436,
  1.319,
  -1.286,
  1.532,
  -1.286,
  1.532,
  0.521,
  2.954,
  -3.638,
  5.008,
  -4.025,
  6.198,
  -3.815,
  6.883,
  -2.907,
  7.987,
  -2.657,
  9.267,
  -1.422,
  10.121,
  0.977,
  9.299,
  -2.021,
  7.544,
  -1.444,
  7.431,
  -3.15,
  8.655,
  -1.745,
  9.897,
  -1,
  9.518,
  -3.041,
  9.946,
  0.393,
  11.253,
  1.215,
  9.896,
  2.356,
  11.082,
  0,
  2.06,
  0,
  2.06,
  -2.758,
  2.314,
  -2.758,
  2.314,
  0.433,
  12.412,
  0.316,
  9.054,
  -5.799,
  8.282,
  -6.825,
  10.923,
  -7.476,
  11.084,
  -5.435,
  11.655,
  -5.977,
  6.875,
  -7.23,
  6.285,
  -6.701,
  9.223,
  -3.825,
  9.012,
  0.874,
  7.117,
  6.713,
  -2.312,
  1.21,
  2.481,
  1.551,
  0.534,
  0.736,
  0.662,
  -1.392,
  1.011,
  -2.224,
  2.651,
  -2.132,
  1.607,
  -3.655,
  1.33,
  -3.997,
  1.222,
  -4.192,
  -1.045,
  -3.551,
  -0.755,
  -1.971,
  1.903,
  -0.029,
  1.69,
  -1.286,
  1.532,
  -1.286,
  1.532,
  0.521,
  2.954,
  0.521,
  2.954,
  -3.486,
  6.289,
  -3.528,
  6.923,
  -2.552,
  7.856,
  -1.967,
  9.253,
  -1.247,
  10.154,
  0.17,
  9.749,
  0.257,
  7.346,
  -0.487,
  9.287,
  -0.82,
  7.797,
  -1.681,
  9.533,
  0.177,
  10.128,
  0.165,
  9.459,
  0.732,
  10.464,
  1.671,
  10.549,
  3.749,
  9.765,
  0,
  1.03,
  0,
  1.03,
  0,
  1.03,
  -2.468,
  9.897,
  -0.364,
  10.414,
  -0.532,
  10.156,
  -2.567,
  11.118,
  -7.028,
  6.554,
  -6.236,
  8.584,
  -4.1,
  8.046,
  -2.233,
  6.136,
  -0.824,
  5.862,
  0.808,
  6.581,
  3.411,
  1.891,
  5.361,
  2.972,
  7.273,
  -10.387
]